{
  "theta_deg": [
    10.0,
    20.0,
    30.0,
    40.0,
    50.0,
    60.0,
    70.0,
    80.0,
    90.0,
    100.0,
    110.0,
    120.0,
    130.0,
    140.0,
    150.0,
    160.0,
    170.0
  ],
  "param_names": [
    "V",
    "rv",
    "av",
    "W",
    "rw",
    "aw",
    "Wd",
    "rvd",
    "avd",
    "Vso",
    "Wso"
  ],
  "cases": [
    {
      "projectile": "n",
      "nucleus": "40Ca",
      "A": 40,
      "Z": 20,
      "E": 50,
      "params": [
        37.113666243313936,
        1.1853603208928505,
        0.671852,
        4.903318231851357,
        1.1853603208928505,
        0.671852,
        4.152836260125352,
        1.2881937624903488,
        0.537976,
        4.748567924281555,
        -0.38468482411010946
      ],
      "gradients": [
        [
          0.06787148053940459,
          -0.3916355729934164,
          2.6807486474554585,
          2.306298263722481,
          2.2949710245064074,
          4.047110153463212,
          3.1502532253442737,
          4.081666610930507,
          4.311353779345744,
          3.7144840179372025,
          5.661293830312535,
          6.15524320824363,
          4.7288751799406885,
          5.5874811716521835,
          13.133296215976607,
          6.533326477515963,
          5.897869620934929,
          3.5771108299295062,
          9.69237384411202,
          23.635611152680408,
          27.55919224388078,
          11.65285945010484,
          39.897725018829455,
          32.654435536506604,
          -0.7675057961189131,
          -11.027940465747992,
          4.25741212427185,
          -3.7718492703523827,
          -60.011582726301846,
          -48.97560727200434,
          -28.06419507876745,
          -9.881409327093065,
          -36.496735567073856,
          0.37301829231238076,
          0.0975687285768312,
          0.20370306272690805
        ],
        [
          1.638823695200025,
          -0.2660996561269963,
          6.384161068601074,
          4.0606713074152125,
          1.6409746213263086,
          9.385262743183958,
          4.526695007316637,
          5.053365728869004,
          10.39756452577473,
          5.259985480682811,
          6.475237739001548,
          14.309390135738488,
          8.430310534679354,
          2.1881474330743087,
          34.585094632732876,
          23.32050378850794,
          9.723640711459698,
          14.750939511742832,
          34.375452408987854,
          20.09472924839689,
          46.95797158859113,
          -32.293853200170794,
          59.981080377092084,
          43.53819957573317,
          -133.35532971538962,
          -4.447830760673973,
          32.56918009327684,
          -79.39009426809417,
          -124.93696133813607,
          -34.689141540807924,
          -39.53104144402327,
          10.757366286478684,
          -402.5600461287835,
          -253.17254480804326,
          0.3559719144420913,
          1.1823386971338963
        ],
        [
          0.391350770289843,
          -0.02887898117135811,
          1.6229625691229497,
          -0.14218468288983752,
          -0.5904813133020886,
          0.11179977798353445,
          -1.6359192449819027,
          -1.5526779076057404,
          -1.1418821243544437,
          -2.9808947896066678,
          -3.6833768475986246,
          -2.2393599857303474,
          -3.9520175726418727,
          -7.490387253873616,
          -5.065614443969809,
          -2.0759221278808373,
          -5.193734476670828,
          2.7406488102884685,
          0.831090725603607,
          -2.578165254628062,
          0.2352671997739771,
          -30.26283023787185,
          -5.71717861835445,
          -20.295403697274487,
          -45.011797725502305,
          7.9685258695832974,
          -7.003466967582435,
          -8.676553279079274,
          51.91888694501434,
          51.78047156985795,
          28.122766085152037,
          151.71966204355846,
          -22.326526147089705,
          -63.462412194299766,
          0.07093390828221033,
          0.2299385954012858
        ],
        [
          -0.15249071498646644,
          -0.31487955324367,
          -0.5589289338622011,
          -0.31984273729660057,
          -0.5707439328756493,
          -0.40351161870196783,
          -0.42262653643790793,
          -0.6951117195084657,
          -0.4409724822413751,
          -0.5745198162830176,
          -0.8996345937936867,
          -0.5355503137228175,
          -0.5817433791695164,
          -1.0537556970238262,
          -0.8106489482803853,
          -0.3219804061703921,
          -0.8268867859030783,
          -0.6118368246238113,
          -1.0808223766124956,
          -3.7295947690999904,
          0.0897052265491638,
          -1.9941714462419957,
          -1.3624376296259937,
          1.6037555106818147,
          -3.103357532284561,
          1.0656911703874987,
          2.1597462820408904,
          -0.5714204364235902,
          1.4920123568297938,
          2.244022018076571,
          -1.8352612114332554,
          0.07030468897180805,
          -3.927776893840977,
          -5.901299980853222,
          0.21463338697190845,
          -0.058326442836985834
        ],
        [
          -0.16266062862218375,
          -0.5962186964808448,
          -1.3515368882321608,
          -0.8730155527789883,
          -1.8534385581113262,
          -1.6540375843015873,
          -1.738931491834298,
          -2.8833946471202876,
          -2.0597002050033466,
          -2.543403478162584,
          -3.9774905824087936,
          -2.784612439763107,
          -2.8944684581385025,
          -5.01001849421283,
          -6.484295145340168,
          -2.5815111417779413,
          -3.786831442228303,
          -1.3013491692723484,
          -0.9180567730367646,
          -7.444718939325541,
          -1.5947720299854435,
          -2.1397954182337626,
          -10.660384949643758,
          -3.0013661566976233,
          -5.205683311913141,
          5.8780650411977,
          0.641513033587208,
          7.658735143968495,
          34.83295279490613,
          24.56695814663882,
          4.945006999647247,
          57.38410086738532,
          18.209805787649525,
          -16.059007068979223,
          0.607621503601457,
          -0.010043291669388011
        ],
        [
          0.0581796972051432,
          -0.1013179988149891,
          -0.15212651216490838,
          -0.12149324393597227,
          -0.3354043009850817,
          -0.21917832130370715,
          -0.3143113730687042,
          -0.4346041319788929,
          -0.3449620486499878,
          -0.4459618931852136,
          -0.5532596871033182,
          -0.5136047729893602,
          -0.570940289188566,
          -0.7376712070794724,
          -1.514169217203127,
          -0.9101229023646908,
          -0.7303303954579647,
          -0.0410336322816234,
          0.5364375285333428,
          -2.617050958614679,
          -0.09213396744811586,
          0.5921711971195361,
          -1.6289803821665598,
          -0.36174383595470133,
          2.681230204935233,
          0.15021071740635902,
          -1.7873120237887894,
          5.473966798471008,
          6.026177090913686,
          0.15579431605165323,
          -0.5128375167273713,
          14.700110872033118,
          18.863655291915435,
          7.955219784912814,
          0.1536178517596747,
          0.058021966157678496
        ],
        [
          -0.060015871371476855,
          -0.27709724560687843,
          -0.7179754785716034,
          -0.3986698770874028,
          -0.9859233505902358,
          -0.8895048513337922,
          -0.8868902102912827,
          -1.6944141102133072,
          -1.141838134685578,
          -1.4197201641992332,
          -2.493928268107066,
          -1.7137361904348793,
          -1.7553676274929204,
          -3.357646210054689,
          -5.154635880892994,
          -1.76894081884948,
          -2.2647073699262217,
          -0.5947706333127994,
          -0.11978850931499326,
          -4.440268591786126,
          -1.0709650268697632,
          0.2991721611037927,
          -7.2504686010721455,
          -1.7524006723077894,
          0.021786929616148438,
          3.8260063465746694,
          -0.5133471043820373,
          9.400331420259533,
          29.053562070529928,
          17.423362330316607,
          2.743266580057339,
          59.08030199013092,
          32.332083819298084,
          -2.3429991109238935,
          0.3039144296993625,
          0.0055318021149086
        ],
        [
          0.5021080794028858,
          -0.566305779077806,
          -0.9234938853933569,
          -0.2919778318644505,
          -2.841259524476517,
          -0.5547129860434507,
          -1.8576745771581415,
          -3.7335457882168095,
          -0.6589139807187567,
          -3.1563703305279716,
          -4.436897850501556,
          -1.216184068892218,
          -4.125926763122507,
          -9.00838598941665,
          -17.061536618878044,
          -10.47068626192208,
          -9.588532378726965,
          0.23857186904032573,
          4.9367197502967155,
          -26.331650790714736,
          2.7925480107459286,
          7.382027879846431,
          -17.92324421130383,
          11.367063741183532,
          27.971937092025797,
          0.21244870702670968,
          -15.593653420692782,
          88.3925241052384,
          36.29944010577591,
          -59.38707987095226,
          -68.835310507952,
          234.41838683033714,
          363.8065574114698,
          176.66577130224155,
          0.8830461793636041,
          0.4106022299863429
        ],
        [
          0.014449624786636679,
          -0.4134994661067116,
          -0.5467941338809261,
          -0.5377730658585642,
          -1.1690602206165492,
          -0.5719065230229214,
          -1.1610141483604364,
          -1.036947862592375,
          -0.7523363939416629,
          -1.4022234691935556,
          -0.6126602667376767,
          -0.49747077586954136,
          -1.2929520145487667,
          -0.5207440140244369,
          1.6873235630769718,
          -2.0699033978417187,
          -2.6684357969182,
          -0.573110212847341,
          -0.11081569738500183,
          -6.600259877254193,
          0.7723251980230422,
          -4.138377646794867,
          -0.8827309926625246,
          0.9144751665864556,
          -5.349855423989469,
          -1.596728509178728,
          -2.4173557448832947,
          0.6198755032924923,
          -23.67074846584068,
          -23.415466503898624,
          -9.477415681637403,
          -53.37251334236089,
          -13.295032846005936,
          8.182112414513165,
          0.4434866369270601,
          0.0747768509656115
        ],
        [
          -0.054176950603735306,
          -0.024774400614721283,
          0.06355916980840301,
          -0.055380660524561476,
          0.14472318266271322,
          0.4773435557243327,
          0.22155939203373934,
          0.8312573580863722,
          1.1220799363751375,
          0.7819373471568958,
          1.3546376625820777,
          1.8076966289348855,
          1.4325177287146398,
          1.519127466870348,
          3.3080722931661968,
          2.341300914531297,
          1.6334474393332405,
          1.563033704118655,
          4.2138732649682025,
          -6.660300490732296,
          -7.861101066641563,
          -7.836175399121663,
          -12.191037967796415,
          -15.830859696390384,
          -8.284904949558877,
          1.9189945907869637,
          -5.808524419791036,
          -1.3654310691237534,
          2.686132054406931,
          2.475446822072051,
          4.367046870586792,
          -6.440859126263984,
          -39.19702106694697,
          -25.108924089409697,
          -0.0012045044674852978,
          -0.02211319236878796
        ],
        [
          0.004931829924949618,
          0.0038748157234982815,
          0.008308854207090282,
          0.01458582228755882,
          0.023183470073610143,
          0.04423186664148373,
          0.052522913075123294,
          0.07462778667348335,
          0.07496761436061865,
          0.0965277010647442,
          0.1225329074048188,
          0.07601934402670181,
          0.09666516180507144,
          0.16564164578990284,
          0.12390842282572369,
          0.02651840273835859,
          0.05375340316626757,
          -0.2962641857800346,
          -0.852402788774978,
          -1.7809469557107196,
          -1.455875458996429,
          -2.553668181483615,
          -0.9950755048186248,
          -1.2788755315817912,
          -1.9127072734947956,
          0.21894318541456254,
          0.17587708653639864,
          -1.050437666300271,
          -0.9407632121842072,
          -0.3425199871006276,
          -0.029932573832695358,
          -4.054295555301901,
          -0.77610740779314,
          0.7439250941658019,
          -0.002396481730279215,
          0.002979568119848271
        ]
      ],
      "fisher_matrix": [
        [
          13057.569876233723,
          31989.148438180604,
          -8709.663356416426,
          -176.9861498871834,
          -5796.258701678442,
          -1398.2848027106447,
          -5171.980478804991,
          -14543.122307367074,
          3620.1379160581982,
          -260.24727860827966,
          -50.155552296015095
        ],
        [
          31989.148438180604,
          282844.3851967625,
          23087.425849235282,
          3257.609588898036,
          -9452.585742808435,
          -11321.793119786744,
          -17938.13443416699,
          -201806.969143781,
          7377.8951038826,
          21246.39858408008,
          394.5343345926685
        ],
        [
          -8709.663356416426,
          23087.425849235282,
          37467.463543819635,
          822.7244633067368,
          13093.656901075114,
          1489.3494424955918,
          11002.86553119475,
          11192.303742722044,
          -10630.722449364548,
          2912.445757272105,
          -508.82151846324774
        ],
        [
          -176.9861498871834,
          3257.609588898036,
          822.7244633067368,
          106.76163345180466,
          217.58523697972066,
          -109.90953271767451,
          8.182815075312078,
          -2407.7952573503044,
          -17.31523364673526,
          333.3920904046131,
          14.675680526994618
        ],
        [
          -5796.258701678442,
          -9452.585742808435,
          13093.656901075114,
          217.58523697972066,
          6183.862994055295,
          1363.5783481248454,
          5782.413644396099,
          17839.159659788867,
          -4767.290756958153,
          -277.5008882228052,
          -263.82829880356246
        ],
        [
          -1398.2848027106447,
          -11321.793119786744,
          1489.3494424955918,
          -109.90953271767451,
          1363.5783481248454,
          728.4097472623359,
          1733.0526735751623,
          12706.201654559089,
          -1097.2874301218171,
          -1010.4902700987714,
          -80.94052533190947
        ],
        [
          -5171.980478804991,
          -17938.13443416699,
          11002.86553119475,
          8.182815075312078,
          5782.413644396099,
          1733.0526735751623,
          5944.700700890822,
          26291.560980519374,
          -4675.19044031751,
          -1351.7744397735435,
          -292.9199489322796
        ],
        [
          -14543.122307367074,
          -201806.969143781,
          11192.303742722044,
          -2407.7952573503044,
          17839.159659788867,
          12706.201654559089,
          26291.560980519374,
          238820.80241241644,
          -14557.924300809522,
          -20794.02427253672,
          -1245.394699867365
        ],
        [
          3620.1379160581982,
          7377.8951038826,
          -10630.722449364548,
          -17.31523364673526,
          -4767.290756958153,
          -1097.2874301218171,
          -4675.19044031751,
          -14557.924300809522,
          4415.809224925396,
          604.7092239609455,
          292.6333530253456
        ],
        [
          -260.24727860827966,
          21246.39858408008,
          2912.445757272105,
          333.3920904046131,
          -277.5008882228052,
          -1010.4902700987714,
          -1351.7744397735435,
          -20794.02427253672,
          604.7092239609455,
          2967.114832874519,
          124.17839469556944
        ],
        [
          -50.155552296015095,
          394.5343345926685,
          -508.82151846324774,
          14.675680526994618,
          -263.82829880356246,
          -80.94052533190947,
          -292.9199489322796,
          -1245.394699867365,
          292.6333530253456,
          124.17839469556944,
          38.79231164821781
        ]
      ],
      "n_data": {
        "dcs": 17,
        "Ay": 17,
        "sigma_R": 1,
        "sigma_T": 1,
        "total": 36
      }
    },
    {
      "projectile": "n",
      "nucleus": "208Pb",
      "A": 208,
      "Z": 82,
      "E": 30,
      "params": [
        38.51082475373813,
        1.235477968267492,
        0.6468704,
        2.1346865300939415,
        1.235477968267492,
        0.6468704,
        6.003803110504648,
        1.2484888746314864,
        0.5101552,
        5.6731430620119925,
        -0.14762401749570997
      ],
      "gradients": [
        [
          2.3661789901207047,
          2.6158050310861833,
          -7.937973358691539,
          -1.6432459694161903,
          -4.971268546835264,
          1.1541828576845625,
          -0.8610567056885978,
          2.8808277048086786,
          0.7918747568801414,
          3.8736367547618316,
          1.4184965087732737,
          3.883271069331391,
          2.3768527358334204,
          4.073326201826098,
          4.135434590780848,
          -1.3849529572138457,
          3.935764761769789,
          0.8583709852152029,
          38.44469030280846,
          -338.970774985014,
          32.63834449634837,
          66.12533647914569,
          53.77636069765058,
          43.569583098817446,
          74.52542258068321,
          57.08516173116338,
          77.94272128247921,
          92.96283201903286,
          24.808292467269347,
          134.4265949062849,
          76.29585931745027,
          75.33157845290425,
          -105.60279107217445,
          60.86801121032757,
          0.019624481321284616,
          0.9235494803127426
        ],
        [
          4.0940555013141156,
          -2.733374651697918,
          -9.504272747425953,
          2.2733557894510277,
          -7.034033437389086,
          5.932428920095933,
          -2.722263152726855,
          8.813483439914185,
          -2.344003751428215,
          11.264099373308209,
          -3.3901241949528735,
          10.213032988785626,
          0.26281743033646804,
          7.09463417966521,
          2.7557241860927375,
          -11.038568660449862,
          8.657856899991074,
          -15.289265861262978,
          -15.460845973523234,
          -477.73989140183835,
          176.8955214888497,
          153.15328652467838,
          184.2197446072104,
          92.83945037220852,
          204.83665071805666,
          70.16926041709475,
          124.31167738900535,
          87.49221232783508,
          -241.12874444659224,
          248.6193604498608,
          -115.64867356391986,
          -89.6699859439461,
          146.5814955351824,
          -650.5461243232378,
          0.7829604459141482,
          2.1478512166892667
        ],
        [
          0.26533659286915495,
          -2.713443345937156,
          -0.004088964062827935,
          0.11605813613089197,
          0.8723784122561652,
          0.7025635559087486,
          0.7516752154280819,
          0.7367211712806687,
          0.40456836281725844,
          0.8485350537035319,
          -0.014149447396436778,
          0.9803466372604188,
          -0.31911373079048694,
          1.6329330939468583,
          -0.9744106308826133,
          1.8924066003532145,
          -1.476780516104264,
          1.330640508318918,
          -18.947678607161198,
          15.919084388631989,
          26.584157042026245,
          -15.10053881419282,
          15.987122125384763,
          -25.141944847554182,
          10.276409968088492,
          -36.903168667163186,
          0.032778666726185346,
          -46.163850878569185,
          -40.77592694904514,
          -35.7115804309562,
          -80.1192605147825,
          -25.481965117816014,
          16.836939336775103,
          -56.677069768296725,
          0.20012280504659805,
          0.22768046279090495
        ],
        [
          -0.03884268167011705,
          -0.6891399867302626,
          0.41244323660127014,
          -0.577447302792932,
          -0.5081189587905329,
          -0.4935581906963857,
          -0.5261406723564862,
          -0.5007396888569526,
          -0.5163137983239531,
          -0.5542153335079875,
          -0.5074119219345246,
          -0.6449560826187601,
          -0.5366027499437993,
          -0.740728066851057,
          -0.6765719190886982,
          -0.6062318046472022,
          -0.7382962385540203,
          0.5665435457646746,
          -1.5232533143508253,
          -11.589408036855783,
          -0.12452206309858846,
          2.7335055988092494,
          -1.5325396380435017,
          2.032550329670128,
          -2.9224164802806967,
          1.54528622277957,
          -5.013658568058614,
          0.8570512848826475,
          -5.448551709313262,
          -0.6368102271569106,
          -0.5377126869380671,
          -6.424290326404458,
          1.6366775557162077,
          -3.6327832147407957,
          0.12211864522018524,
          0.004232526069484847
        ],
        [
          -0.000739578114653951,
          -0.8011559875389433,
          0.3712829413516094,
          -0.7646753686807837,
          -1.2569878253687323,
          -1.110138826330243,
          -1.551322313825724,
          -1.538582642480942,
          -1.7599009909020156,
          -2.033179374747781,
          -1.9996087491437256,
          -2.4101181803385976,
          -2.3708832353575495,
          -2.5280917662571145,
          -3.192077793230311,
          -2.502145668111704,
          -3.8127145494777688,
          -0.17339078225757945,
          3.9793392477398273,
          -26.435486100848113,
          -0.1179912902605588,
          7.134880772372564,
          -5.150731254961623,
          8.170499844120105,
          -11.670277607876514,
          9.54513580074053,
          -22.004025067369483,
          4.762552194679642,
          -20.172896606153365,
          -12.879708971621309,
          9.938585837244164,
          -33.55840511024536,
          -3.060218043537954,
          1.0413123022151496,
          0.27864534050160356,
          0.05163569134409891
        ],
        [
          0.012149570802683958,
          -0.07207921131247472,
          -0.02851395865501872,
          0.0845099267338958,
          -0.07866150250206719,
          0.019586481073730993,
          -0.09845700913043026,
          -0.021115151244922345,
          -0.1083801777597418,
          -0.05378692210928693,
          -0.10934495939724777,
          -0.06892480867700274,
          -0.09681457974455832,
          -0.04527968014577652,
          -0.08176762431222853,
          -0.08440067432881161,
          -0.11104203251559715,
          -0.06074509900090332,
          0.5598641182112674,
          -0.49741429512288143,
          0.12491455369587993,
          0.3016484141758295,
          -0.23160456222362052,
          0.1890713047827952,
          -0.45071629169562055,
          0.4675496072304812,
          -1.163141711595465,
          0.6551960234043216,
          -1.70990851693531,
          -0.19469533535358224,
          0.82082281475974,
          -0.7395038014266591,
          -2.6521477095583132,
          3.5223780864181444,
          0.029327448580825737,
          0.019232764554573515
        ],
        [
          -0.01863876277828829,
          -0.46655099680832673,
          0.3508529696182206,
          -0.644779841746133,
          -0.9308845126478295,
          -0.9112915925150935,
          -1.1553475807876143,
          -1.249188874967537,
          -1.3009161255206718,
          -1.6494718322888051,
          -1.477955660757978,
          -1.9147659955879124,
          -1.817561640668669,
          -1.9386423683629024,
          -2.6747991829890836,
          -1.8933699521613214,
          -3.371593765214913,
          -0.34877210654103824,
          2.8699904135640053,
          -21.21679064829481,
          -1.492105241558267,
          6.259533466130655,
          -5.403967827328378,
          7.8198964581597625,
          -11.39606561094931,
          9.118860195597527,
          -20.083521129949563,
          3.9347721863819407,
          -15.10819780366148,
          -13.712860593281714,
          12.05537422495573,
          -30.124016127018688,
          -4.572507963562974,
          7.319796007111725,
          0.18910822688885048,
          0.0188356909853551
        ],
        [
          0.4677275175460434,
          -1.1383740951870642,
          1.5340686852802246,
          4.06861343367284,
          -2.384554023901422,
          2.0346872911625877,
          -3.544149163941262,
          0.8179910202576549,
          -3.8294844926046734,
          -0.5382683888024802,
          -2.908805874481459,
          -1.0672183076815296,
          -0.11084612522033316,
          1.2016655965716205,
          2.2097365761839813,
          2.4238278068346077,
          -2.198808217223157,
          -0.6339622450884757,
          29.323617204955468,
          -34.08658465961371,
          -16.707725011346536,
          40.65076969242946,
          -33.227358577806626,
          55.87097526112528,
          -57.650425065732975,
          86.17938900992078,
          -128.63230863641948,
          106.24135989527146,
          -170.6090889729679,
          37.906471210304716,
          63.636353247375304,
          -131.9733459933542,
          -201.2300193152568,
          308.0345585608625,
          0.636510569008107,
          0.5734721194438545
        ],
        [
          0.07013150257090965,
          -1.1383876275405096,
          0.17882840160045688,
          -0.30443634433379013,
          -1.2851378441903638,
          -0.6331430267990493,
          -1.6033377259862014,
          -0.9991817715132628,
          -1.8692373456615172,
          -1.413796557105531,
          -2.110034552523529,
          -1.8981777256241874,
          -2.193069837411091,
          -2.203067026176086,
          -2.017145904567659,
          -2.3257491226772733,
          -1.8575406209953655,
          0.43374015135136734,
          4.92928180445204,
          -21.869944401246567,
          4.200428147022178,
          5.4793534797266865,
          -0.271503171287886,
          4.2146116401953195,
          -3.076048648067061,
          5.6758422820324395,
          -12.666251584880957,
          8.443327080115658,
          -29.09436867199698,
          6.680979521510681,
          -6.876875615572745,
          -19.765487066673764,
          -1.9715083453379172,
          -18.849745263299162,
          0.3207047557597402,
          0.12015132009763654
        ],
        [
          0.03590244391088718,
          0.01919726057793784,
          0.8101992001739469,
          -0.2063033629335041,
          0.12701675364522555,
          -0.23655715053934237,
          -0.061389567496423846,
          -0.22172048037934744,
          -0.3646275229353441,
          -0.0021376861844186012,
          -0.8592690110154961,
          0.49756172719258274,
          -0.7744343100897386,
          0.5837621238286946,
          -0.09539295517007768,
          -0.7002859875485564,
          0.24783487952335978,
          -1.0713451399034166,
          -6.962392192638305,
          -5.702587246568988,
          4.565510948187218,
          17.556605601230512,
          1.0533068677824609,
          15.459685294831235,
          -4.3574185078810075,
          9.02770851052175,
          -2.302256090320106,
          -12.075227046018679,
          17.919874482005273,
          -30.79502030976881,
          43.814838164854535,
          -16.73532975759229,
          -5.9214240246922385,
          6.454684521119792,
          -0.015844277701545006,
          0.003111663412193716
        ],
        [
          -0.0006683214784049756,
          0.009934534147800746,
          -0.011828730773215654,
          -0.0009454812258828001,
          -0.012699481559462334,
          -0.001919768045712718,
          -0.013538173012209625,
          0.001904169358290975,
          -0.01208140721749946,
          0.008617087997407638,
          0.0011259271128529725,
          0.01603361311916641,
          0.026114587428135057,
          0.02753751497523019,
          0.03555535308411356,
          0.09410239300272527,
          0.052681826661940094,
          -0.0011088417683583855,
          -0.297063494885813,
          0.5342925558014338,
          -0.7685293064303711,
          -0.4948031995773613,
          -0.9234683807922069,
          -0.9605515986625216,
          -1.1370397266638466,
          -1.4467600554927498,
          -1.3343925958079574,
          -1.6709420304480738,
          -1.6063544442966131,
          -1.0143184203137423,
          -2.142910069023451,
          -0.6884027188652775,
          1.2503081389975135,
          -0.8793852686253097,
          -0.0004636830471317406,
          -0.0007281313313747615
        ]
      ],
      "fisher_matrix": [
        [
          195380.15277779638,
          185375.16549848585,
          -31199.71753178699,
          2454.6510861911574,
          4384.457591708493,
          604.6312955467698,
          3496.744911146664,
          51709.23845306353,
          5344.167409040757,
          1993.5500205188291,
          -1344.9489468669872
        ],
        [
          185375.16549848585,
          982866.365791689,
          42998.02000108666,
          9190.48093257628,
          11729.287840493835,
          -2218.392420690157,
          2713.9989603912245,
          -169111.82810382175,
          34405.362225713725,
          -14228.155656251824,
          -167.8934344136647
        ],
        [
          -31199.71753178699,
          42998.02000108666,
          19558.620387995317,
          281.8150289368954,
          -363.1774488087573,
          -295.0441602361735,
          -1034.4347066772675,
          -29747.683356585152,
          1877.2178076880766,
          -3477.281382333017,
          491.27679623151596
        ],
        [
          2454.6510861911574,
          9190.48093257628,
          281.8150289368954,
          280.7299916816932,
          845.2517994919725,
          12.016389952820742,
          692.7184747629259,
          1939.0616367956295,
          722.7088556514731,
          155.20947862257196,
          18.863592670240344
        ],
        [
          4384.457591708493,
          11729.287840493835,
          -363.1774488087573,
          845.2517994919725,
          3470.3640644896377,
          142.63839285404026,
          3078.8522639644393,
          15732.902786652827,
          2216.0535291210535,
          1559.67855876147,
          40.86366223547098
        ],
        [
          604.6312955467698,
          -2218.392420690157,
          -295.0441602361735,
          12.016389952820742,
          142.63839285404026,
          26.687963535623474,
          152.24729854523287,
          2401.8570196349556,
          39.05783471100041,
          70.77608402068638,
          -5.0899570017630476
        ],
        [
          3496.744911146664,
          2713.9989603912245,
          -1034.4347066772675,
          692.7184747629259,
          3078.8522639644393,
          152.24729854523287,
          2810.5204822233704,
          16132.105614471824,
          1687.9394792864027,
          1711.2508422276953,
          23.69401195720147
        ],
        [
          51709.23845306353,
          -169111.82810382175,
          -29747.683356585152,
          1939.0616367956295,
          15732.902786652827,
          2401.8570196349556,
          16132.105614471824,
          234238.92082857637,
          6472.808119107411,
          5452.909587498354,
          -454.28947925165204
        ],
        [
          5344.167409040757,
          34405.362225713725,
          1877.2178076880766,
          722.7088556514731,
          2216.0535291210535,
          39.05783471100041,
          1687.9394792864027,
          6472.808119107411,
          2573.272367158603,
          -541.7872806769329,
          57.1014278745843
        ],
        [
          1993.5500205188291,
          -14228.155656251824,
          -3477.281382333017,
          155.20947862257196,
          1559.67855876147,
          70.77608402068638,
          1711.2508422276953,
          5452.909587498354,
          -541.7872806769329,
          4452.368848981328,
          -106.91199274693307
        ],
        [
          -1344.9489468669872,
          -167.8934344136647,
          491.27679623151596,
          18.863592670240344,
          40.86366223547098,
          -5.0899570017630476,
          23.69401195720147,
          -454.28947925165204,
          57.1014278745843,
          -106.91199274693307,
          21.97043552958027
        ]
      ],
      "n_data": {
        "dcs": 17,
        "Ay": 17,
        "sigma_R": 1,
        "sigma_T": 1,
        "total": 36
      }
    },
    {
      "projectile": "p",
      "nucleus": "40Ca",
      "A": 40,
      "Z": 20,
      "E": 50,
      "params": [
        39.71376016241462,
        1.1853603208928505,
        0.671852,
        5.455952227138207,
        1.1853603208928505,
        0.671852,
        4.359936270559172,
        1.2881937624903488,
        0.53952,
        4.793735124206932,
        -0.3584711199597546
      ],
      "gradients": [
        [
          0.9121141543078607,
          -0.3167826177217794,
          2.8350578512982225,
          2.9703314545880795,
          1.7953138341426294,
          5.053144001135039,
          3.5445496671713066,
          3.3372651162559617,
          5.523553064381358,
          4.049196169656764,
          4.115313626126727,
          8.730091567024843,
          5.972607392016771,
          4.293607075009802,
          4.784765130743733,
          12.486224431321737,
          8.96154102306024,
          6.91448859394355,
          10.538849857063017,
          -34.9431395032912,
          36.23057606764171,
          16.875271969585732,
          14.843065094361323,
          35.854714090349425,
          12.839359494817293,
          -51.7837772366588,
          -12.666232332933884,
          10.372793971545152,
          -83.16925949144219,
          -89.17444127983305,
          -76.56529921788928,
          -101.11772437225332,
          -52.92151466016795,
          -1.9816749450708713,
          0.11212910039544802
        ],
        [
          2.2969510533980038,
          -0.279928523612866,
          6.262463324147159,
          5.982367265946952,
          -0.433736553401608,
          12.13218528075093,
          6.775885780421057,
          0.37775911750552305,
          13.497760871536624,
          8.36698464944666,
          0.781376871790548,
          16.346211828294386,
          14.746270394127416,
          4.412241844896347,
          -1.0074772076215093,
          42.94116019945849,
          22.323193013963937,
          20.40811860716105,
          37.39748087971346,
          -152.8319092844816,
          67.9850672676612,
          6.055346926677798,
          -55.93775380122827,
          84.7281094661495,
          -81.00118136643445,
          -185.0401424575726,
          36.376100424031684,
          1.779680176829205,
          -295.9402432652232,
          -210.80004330676138,
          -120.60462843928237,
          -25.907711025899655,
          -764.2917673348061,
          -251.2794206471263,
          0.4217394168264497
        ],
        [
          0.08528177887717694,
          -0.20657640775861613,
          2.034753210111077,
          0.006509020352901203,
          -1.4133996402714282,
          0.7980386493064989,
          -1.500294520799714,
          -2.9570207203945666,
          -0.5037622971713847,
          -2.44587972555805,
          -5.067950885942597,
          -2.9440475729949247,
          -2.5548835789533557,
          -5.528276714845188,
          -10.82531249134571,
          -3.4659576093562032,
          -3.259728983456305,
          2.464013960959179,
          2.8180528926751807,
          -48.20867868910894,
          4.33345820127958,
          -21.564084918651975,
          -19.574937772104946,
          -10.588798474624276,
          -51.419667386295444,
          -2.7116394488689117,
          9.696730236151142,
          -28.364209701345715,
          36.072085858773015,
          59.53839706497395,
          51.85102779871016,
          62.493436288757295,
          -223.58082126941846,
          -78.535138028502,
          0.08841254964428175
        ],
        [
          -0.10200190994214972,
          -0.3014925846860121,
          -1.063702264916397,
          -0.28485097474246845,
          -0.5841756445778369,
          -0.598591694304934,
          -0.3733940278839023,
          -0.7889219758670982,
          -0.6000281267065044,
          -0.49346376303072653,
          -0.9326983497214448,
          -0.932301304356347,
          -0.46291740377355245,
          -0.7459808320794538,
          -1.3171128223176753,
          -0.407679523473216,
          -0.6602365195267016,
          -0.2783759086153031,
          -1.2353388806592378,
          -9.347005110877799,
          1.192581326449338,
          0.22111734763866076,
          -6.775667290460641,
          3.839997429492259,
          1.4719235561213204,
          -1.3893645072582395,
          4.311413529798913,
          3.1887530345499813,
          4.653445447590314,
          1.5018906216387093,
          0.43751384438498836,
          3.1802563339276375,
          6.560207620828299,
          -2.2384360402654773,
          0.199744980821698
        ],
        [
          0.04271577559626213,
          -0.5449710361238993,
          -2.614473820594203,
          -0.8207672367438426,
          -1.7999915562189297,
          -2.349447736287805,
          -1.60368433037065,
          -3.0669888781380608,
          -2.6449962561317064,
          -2.242680034920633,
          -3.904494274625278,
          -4.5023536771494745,
          -2.528687145624667,
          -3.5149724042595967,
          -6.942940190920336,
          -5.011730923291361,
          -3.644361738364986,
          0.3333200473804032,
          -1.399696536240752,
          -14.891862946779892,
          -0.6502356239381409,
          3.981066182103763,
          -20.023219953559195,
          0.7171232112583119,
          5.676273177315227,
          15.75755830720597,
          11.020140807477263,
          1.6497107811138298,
          67.70337111488463,
          44.63760454295122,
          27.71981409457539,
          30.710216121036527,
          22.274548522471978,
          -10.442475408888921,
          0.5836828971585737
        ],
        [
          0.08836924523137131,
          -0.0835602304131047,
          -0.38912168060250746,
          -0.08903732393198463,
          -0.33521950214242396,
          -0.2781686323339941,
          -0.2871210511903233,
          -0.4851963449252539,
          -0.3711318791728586,
          -0.4258083179253916,
          -0.5768297018215973,
          -0.6249930513899579,
          -0.5543841207724163,
