{
  "method": "numerov_spin_half_extended",
  "nuclei": [
    "12C",
    "16O",
    "27Al",
    "28Si",
    "40Ca",
    "48Ti",
    "56Fe",
    "58Ni",
    "90Zr",
    "120Sn",
    "197Au",
    "208Pb"
  ],
  "A_values": [
    12,
    16,
    27,
    28,
    40,
    48,
    56,
    58,
    90,
    120,
    197,
    208
  ],
  "energies": [
    10,
    20,
    30,
    50,
    100,
    150,
    200
  ],
  "projectiles": [
    "n",
    "p"
  ],
  "param_names": [
    "V",
    "rv",
    "av",
    "W",
    "rw",
    "aw",
    "Wd",
    "rvd",
    "avd",
    "Vso",
    "Wso",
    "rvso",
    "avso"
  ],
  "theta_deg": [
    5.0,
    10.0,
    15.0,
    20.0,
    25.0,
    30.0,
    35.0,
    40.0,
    45.0,
    50.0,
    55.0,
    60.0,
    65.0,
    70.0,
    75.0,
    80.0,
    85.0,
    90.0,
    95.0,
    100.0,
    105.0,
    110.0,
    115.0,
    120.0,
    125.0,
    130.0,
    135.0,
    140.0,
    145.0,
    150.0,
    155.0,
    160.0,
    165.0,
    170.0,
    175.0
  ],
  "observable_combinations": [
    "elastic_9p",
    "elastic_11p",
    "elastic_13p",
    "elastic_Ay_13p",
    "elastic_sigR_13p",
    "elastic_Ay_sigR_13p",
    "all_13p",
    "all_11p",
    "all_9p"
  ],
  "data": [
    {
      "projectile": "n",
      "nucleus": "12C",
      "A": 12,
      "Z": 6,
      "E": 10,
      "params": [
        50.599174972962324,
        1.1268252397979523,
        0.6760155999999999,
        0.9093961432627454,
        1.1268252397979523,
        0.6760155999999999,
        7.7870477936289495,
        1.3061125585110593,
        0.5426128,
        5.478762938303695,
        -0.052320591551728336,
        0.9027967196578073,
        0.59
      ],
      "sigma_R": 803.7491728962369,
      "fisher_matrix": [
        [
          23677.162915816934,
          41202.83688026932,
          1049.4790035201709,
          18.680510056793644,
          -116.46446828560966,
          0.3709876884924279,
          -1914.8276369638568,
          1757.216858789046,
          3529.087870928901,
          328.2821383084282,
          -60.93200869921068,
          424.80512029726583,
          -1994.193318844025
        ],
        [
          41202.83688026932,
          78069.60861133147,
          2236.7916690752304,
          143.5826777594881,
          -5.611650059280247,
          -14.07946173230358,
          -1710.7605260096384,
          1827.325715086446,
          6593.06203554774,
          1357.8974114193268,
          -123.52226309807722,
          1777.120871962698,
          -3578.2083810467625
        ],
        [
          1049.4790035201709,
          2236.7916690752304,
          4198.351157523869,
          -89.59572464743944,
          -169.17460724192287,
          -13.432119399397775,
          -1611.8973338575574,
          -969.4298616184216,
          -400.8830077603048,
          -1371.983916772255,
          12.647292076736829,
          -2297.554877512735,
          79.153768840951
        ],
        [
          18.680510056793644,
          143.5826777594881,
          -89.59572464743944,
          5.904083837376442,
          10.385655187804657,
          0.2671290992166321,
          89.78569701568219,
          7.047182196319275,
          37.92226172737932,
          11.862203268306361,
          -0.8751853349039815,
          46.305831684544074,
          7.9261064193509485
        ],
        [
          -116.46446828560966,
          -5.611650059280247,
          -169.17460724192287,
          10.385655187804657,
          21.016456436085164,
          1.3515669617007169,
          191.4761370288279,
          35.51351270677895,
          54.70434740413386,
          36.94478512425961,
          -1.4770688359270001,
          104.45348579561141,
          20.68160886259189
        ],
        [
          0.3709876884924279,
          -14.07946173230358,
          -13.432119399397775,
          0.2671290992166321,
          1.3515669617007169,
          1.4981439210242824,
          12.148499341447039,
          81.6070126135124,
          40.76043928540115,
          15.889827938811363,
          0.41466124505405644,
          37.09457519905324,
          6.374538620203864
        ],
        [
          -1914.8276369638568,
          -1710.7605260096384,
          -1611.8973338575574,
          89.78569701568219,
          191.4761370288279,
          12.148499341447039,
          1802.4840212280278,
          264.9082522286797,
          267.37044980628025,
          399.63591560408645,
          -11.675281356302767,
          822.458121365885,
          183.46385162754552
        ],
        [
          1757.216858789046,
          1827.325715086446,
          -969.4298616184216,
          7.047182196319275,
          35.51351270677895,
          81.6070126135124,
          264.9082522286797,
          4994.999666492502,
          2525.7254254070663,
          1281.382856689464,
          26.06949780212063,
          1984.9371820441968,
          52.37511344584676
        ],
        [
          3529.087870928901,
          6593.06203554774,
          -400.8830077603048,
          37.92226172737932,
          54.70434740413386,
          40.76043928540115,
          267.37044980628025,
          2525.7254254070663,
          2062.517082916103,
          383.1574790997498,
          2.6227194469940267,
          1553.4730372390575,
          102.4766490546204
        ],
        [
          328.2821383084282,
          1357.8974114193268,
          -1371.983916772255,
          11.862203268306361,
          36.94478512425961,
          15.889827938811363,
          399.63591560408645,
          1281.382856689464,
          383.1574790997498,
          2244.519509447406,
          -0.41647354486433197,
          1698.048582669098,
          -662.1760101476609
        ],
        [
          -60.93200869921068,
          -123.52226309807722,
          12.647292076736829,
          -0.8751853349039815,
          -1.4770688359270001,
          0.41466124505405644,
          -11.675281356302767,
          26.06949780212063,
          2.6227194469940267,
          -0.41647354486433197,
          0.7550357315363654,
          -6.166704611355468,
          8.452868225188173
        ],
        [
          424.80512029726583,
          1777.120871962698,
          -2297.554877512735,
          46.305831684544074,
          104.45348579561141,
          37.09457519905324,
          822.458121365885,
          1984.9371820441968,
          1553.4730372390575,
          1698.048582669098,
          -6.166704611355468,
          4282.247667858104,
          194.31880480082665
        ],
        [
          -1994.193318844025,
          -3578.2083810467625,
          79.153768840951,
          7.9261064193509485,
          20.68160886259189,
          6.374538620203864,
          183.46385162754552,
          52.37511344584676,
          102.4766490546204,
          -662.1760101476609,
          8.452868225188173,
          194.31880480082665,
          657.4632800424342
        ]
      ],
      "deff_results": {
        "elastic_13p": {
          "D_eff": 1.7309252530318235,
          "condition_number": 5.9014749271904164e+20,
          "eigenvalues": [
            934.8689970191416,
            273.1858085011005,
            59.34452854485599,
            9.913511589456427,
            4.658323805487427,
            1.8713379895581035,
            0.011936886417602993,
            0.0005215901998425275,
            1.5741590395923732e-06,
            5.320041480269849e-10,
            6.539117363299139e-13,
            1.5841277113825095e-18
          ]
        },
        "elastic_Ay_13p": {
          "D_eff": 1.434475437191277,
          "condition_number": 6434456569.411066,
          "eigenvalues": [
            101220.15661776203,
            10036.073852237623,
            4541.700605900089,
            2274.72869537626,
            1985.2644554726514,
            1648.835431675021,
            192.98378876812663,
            78.24334236304257,
            38.60578802960669,
            0.03841005842290254,
            0.009496431489637254,
            0.00042891406160117335,
            1.5730956534690936e-05
          ]
        },
        "elastic_sigR_13p": {
          "D_eff": 1.7331420309226484,
          "condition_number": 6.073984630599772e+17,
          "eigenvalues": [
            934.871937836597,
            274.05539704315504,
            59.579075361491164,
            9.920130922017893,
            4.6891293278874,
            1.8914736550909357,
            0.012032222825863127,
            0.0014308888807310217,
            1.728169497816813e-05,
            2.225518011241176e-07,
            9.926851975732337e-12,
            1.7751351500538854e-13,
            1.539141098788529e-15
          ]
        },
        "elastic_Ay_sigR_13p": {
          "D_eff": 1.4344968914762173,
          "condition_number": 6382538826.703313,
          "eigenvalues": [
            101220.32909711872,
            10036.201150905457,
            4542.157760843624,
            2274.9005019110336,
            1985.334463717737,
            1648.952298698304,
            192.98998812829095,
            78.24501389941705,
            38.64788660142544,
            0.03845080501897622,
            0.009496438776596908,
            0.00046105390238438104,
            1.5858944511803418e-05
          ]
        },
        "all_13p": {
          "D_eff": 1.4345097546776844,
          "condition_number": 6353039446.799734,
          "eigenvalues": [
            101220.45494899439,
            10036.22961221267,
            4542.429442012712,
            2275.0803104038264,
            1985.3364450933852,
            1649.0261342638908,
            193.00973036248357,
            78.26190498301365,
            38.650564125823976,
            0.0384859536290285,
            0.009558159390185986,
            0.00048008498470286903,
            1.593260293700568e-05
          ]
        },
        "elastic_11p": {
          "D_eff": 1.724116787189306,
          "condition_number": 7.339711579568158e+16,
          "eigenvalues": [
            933.5523710549627,
            272.5457170103315,
            58.9947328388336,
            8.946550246898548,
            3.6012452212326047,
            1.7480824313341015,
            0.0008211293315867462,
            0.0001504404519042581,
            9.362383865014253e-08,
            5.015212328243005e-12,
            1.2719196945745508e-14
          ]
        },
        "all_11p": {
          "D_eff": 1.3323284033096947,
          "condition_number": 4503000574.40149,
          "eigenvalues": [
            101018.63131161797,
            7574.2298548145955,
            4354.894554556991,
            2082.498080620071,
            1673.9549396070809,
            318.26876083083556,
            55.941336861422876,
            0.3446506871842081,
            0.051017947353771756,
            0.002154705286547418,
            2.2433626121632175e-05
          ]
        },
        "elastic_9p": {
          "D_eff": 1.7221558035669358,
          "condition_number": 16936874477.870417,
          "eigenvalues": [
            932.7736579238535,
            272.4330402128551,
            58.99465336556898,
            8.822291551962364,
            3.1186101891551172,
            1.4947716770278172,
            0.00016110166702855324,
            1.6606939875547085e-07,
            5.507354141064268e-08
          ]
        },
        "all_9p": {
          "D_eff": 1.2837941840699751,
          "condition_number": 3518846050.4821396,
          "eigenvalues": [
            100999.56962310904,
            6956.8454681351095,
            4230.118826680336,
            2079.1970127204772,
            340.0769690254492,
            227.36763070486037,
            0.34735872759325837,
            0.01922169802566875,
            2.8702468983907506e-05
          ]
        }
      },
      "sigma_T": 1527.1502542380883
    },
    {
      "projectile": "n",
      "nucleus": "12C",
      "A": 12,
      "Z": 6,
      "E": 20,
      "params": [
        46.93948990130577,
        1.1268252397979523,
        0.6760155999999999,
        1.8256455742066067,
        1.1268252397979523,
        0.6760155999999999,
        7.158468627133141,
        1.3061125585110593,
        0.5426128,
        5.263937570741342,
        -0.11190889829785805,
        0.9027967196578073,
        0.59
      ],
      "sigma_R": 640.9318101758549,
      "fisher_matrix": [
        [
          17771.926642058563,
          21950.638694973735,
          -754.0409720822192,
          -255.48590499714254,
          -777.9523296199518,
          -115.35005628485173,
          -3715.319543182616,
          -2013.5098668561259,
          258.62380214489514,
          -1306.0750767248862,
          -161.8661417888664,
          6767.425622384373,
          3511.002615052643
        ],
        [
          21950.638694973735,
          59584.46616219195,
          27394.91134225178,
          240.13309766444738,
          505.7310523996522,
          248.10777037705103,
          1563.0716145352862,
          11552.526260952478,
          7900.311613156944,
          3342.1488471148723,
          26.815595701135962,
          1807.7554995763053,
          -822.036371021734
        ],
        [
          -754.0409720822192,
          27394.91134225178,
          25554.38716554204,
          472.14685017139044,
          1245.7825297239228,
          315.0699264600316,
          5157.256743502075,
          10717.368305367452,
          6241.182873296496,
          4164.736251690179,
          218.46493491893625,
          -5708.89962033882,
          -4381.168849871871
        ],
        [
          -255.48590499714254,
          240.13309766444738,
          472.14685017139044,
          23.66606939794108,
          60.751203236118805,
          17.857879256050246,
          273.34578550074275,
          678.8374092799513,
          264.1490726007693,
          65.47100778729366,
          5.237224921472224,
          -197.9384599558487,
          -140.92646142532416
        ],
        [
          -777.9523296199518,
          505.7310523996522,
          1245.7825297239228,
          60.751203236118805,
          160.63124542614736,
          45.38605050677667,
          727.3556979826047,
          1712.5821999978268,
          647.9020029540648,
          180.25857572011896,
          13.67153884302468,
          -624.1907507792712,
          -411.09155326547125
        ],
        [
          -115.35005628485173,
          248.10777037705103,
          315.0699264600316,
          17.857879256050246,
          45.38605050677667,
          16.356269976459465,
          206.34863681509773,
          649.34991059943,
          248.9226469768416,
          70.48021838346496,
          3.058985399137509,
          -63.162814084482235,
          -77.67593547112062
        ],
        [
          -3715.319543182616,
          1563.0716145352862,
          5157.256743502075,
          273.34578550074275,
          727.3556979826047,
          206.34863681509773,
          3315.758337786868,
          7849.309709603495,
          2874.9405170579635,
          753.7830606760583,
          57.76593776525644,
          -2868.7401988502365,
          -1866.8201982193893
        ],
        [
          -2013.5098668561259,
          11552.526260952478,
          10717.368305367452,
          678.8374092799513,
          1712.5821999978268,
          649.34991059943,
          7849.309709603495,
          26977.545304916017,
          10096.036940800468,
          2367.0720635412154,
          79.31600252648754,
          -1336.1009154161125,
          -2397.367303137169
        ],
        [
          258.62380214489514,
          7900.311613156944,
          6241.182873296496,
          264.1490726007693,
          647.9020029540648,
          248.9226469768416,
          2874.9405170579635,
          10096.036940800468,
          4203.578176911641,
          1285.1484460848937,
          47.47211730640906,
          -138.1152254538066,
          -841.492607338527
        ],
        [
          -1306.0750767248862,
          3342.1488471148723,
          4164.736251690179,
          65.47100778729366,
          180.25857572011896,
          70.48021838346496,
          753.7830606760583,
          2367.0720635412154,
          1285.1484460848937,
          1828.244115896524,
          59.57740109661528,
          -289.8131709026063,
          -736.9639487801063
        ],
        [
          -161.8661417888664,
          26.815595701135962,
          218.46493491893625,
          5.237224921472224,
          13.67153884302468,
          3.058985399137509,
          57.76593776525644,
          79.31600252648754,
          47.47211730640906,
          59.57740109661528,
          3.961983163124251,
          -68.67752951468572,
          -52.90902854483061
        ],
        [
          6767.425622384373,
          1807.7554995763053,
          -5708.89962033882,
          -197.9384599558487,
          -624.1907507792712,
          -63.162814084482235,
          -2868.7401988502365,
          -1336.1009154161125,
          -138.1152254538066,
          -289.8131709026063,
          -68.67752951468572,
          7041.349798646577,
          3458.817862474772
        ],
        [
          3511.002615052643,
          -822.036371021734,
          -4381.168849871871,
          -140.92646142532416,
          -411.09155326547125,
          -77.67593547112062,
          -1866.8201982193893,
          -2397.367303137169,
          -841.492607338527,
          -736.9639487801063,
          -52.90902854483061,
          3458.817862474772,
          2092.7330747985416
        ]
      ],
      "deff_results": {
        "elastic_13p": {
          "D_eff": 1.314653176423701,
          "condition_number": 4.83695882290587e+17,
          "eigenvalues": [
            2001.4024431487019,
            226.68179515423896,
            44.109560908506964,
            30.628975147087452,
            4.414638549771859,
            2.809104392394809,
            0.2015638493521126,
            0.02654733810064313,
            0.00029203687376360544,
            4.190812678566549e-05,
            1.107394555406098e-08,
            2.49666154139491e-12,
            4.137728925189261e-15
          ]
        },
        "elastic_Ay_13p": {
          "D_eff": 2.3679877427840776,
          "condition_number": 153579120.53883234,
          "eigenvalues": [
            86462.12151545042,
            38394.66371941882,
            18903.42470656848,
            3703.9372814654316,
            875.5877908543779,
            126.80169645748788,
            69.05487923093595,
            23.606077455753184,
            12.718971970502153,
            0.10857109249501176,
            0.04094654788869451,
            0.005613589862499586,
            0.0005629809651995536
          ]
        },
        "elastic_sigR_13p": {
          "D_eff": 1.3162758921303885,
          "condition_number": 2218489089830596.0,
          "eigenvalues": [
            2001.414635722934,
            228.2215174033083,
            44.116845976506,
            30.669651870487225,
            4.441815042344352,
            2.81700187251006,
            0.20595254860156095,
            0.026816023817564632,
            0.000295490635140009,
            6.244351569062774e-05,
            1.8261499033667203e-05,
            9.656759485898203e-10,
            9.021521200610286e-13
          ]
        },
        "elastic_Ay_sigR_13p": {
          "D_eff": 2.3679963560097694,
          "condition_number": 151096865.0237514,
          "eigenvalues": [
            86462.86599864272,
            38395.03056237317,
            18903.81798129296,
            3703.941185557298,
            875.6026679091235,
            126.805257586207,
            69.10299411495374,
            23.670516393454374,
            12.719063888432288,
            0.10857683825986475,
            0.04099203249971425,
            0.005614432567608428,
            0.0005722346786285165
          ]
        },
        "all_13p": {
          "D_eff": 2.367988651952704,
          "condition_number": 150828697.00176588,
          "eigenvalues": [
            86463.67119012421,
            38395.063069242555,
            18903.832914096656,
            3703.9416772028317,
            875.6036592866873,
            126.8054250055023,
            69.10610452510146,
            23.678511646929636,
            12.744435670063408,
            0.10972599009997684,
            0.041446157898382525,
            0.00561450643235314,
            0.0005732574298451435
          ]
        },
        "elastic_11p": {
          "D_eff": 1.3076831946432275,
          "condition_number": 15913458419659.713,
          "eigenvalues": [
            1999.637544594812,
            224.9430121722982,
            43.955546400366714,
            27.202758600056313,
            4.134501000945335,
            1.9050398197525968,
            0.0734376422843083,
            0.0008673283992006551,
            9.264528825405011e-05,
            2.3351284896202443e-07,
            1.2565700628120103e-10
          ]
        },
        "all_11p": {
          "D_eff": 2.166680524609568,
          "condition_number": 33544431.328136764,
          "eigenvalues": [
            86380.70150113726,
            35450.55315773309,
            15932.194051446118,
            1276.3592801903583,
            321.8660276964058,
            63.60086652578858,
            14.951696030766438,
            0.1574282623396896,
            0.11042346776719608,
            0.02446566433776253,
            0.0025751130092547406
          ]
        },
        "elastic_9p": {
          "D_eff": 1.3071792268377969,
          "condition_number": 33172730.91183584,
          "eigenvalues": [
            1997.6389842804456,
            224.76929747047262,
            43.846766134183675,
            27.158538803509447,
            4.09626935673099,
            1.5995345390258142,
            0.003706760394853666,
            0.00014137959185468678,
            6.0219310541228285e-05
          ]
        },
        "all_9p": {
          "D_eff": 2.1290225348788465,
          "condition_number": 19923052.84439246,
          "eigenvalues": [
            86078.14403107205,
            35179.586140417654,
            15716.557485203857,
            380.8344292620055,
            189.16809313542777,
            63.55899351520822,
            0.3412483407949046,
            0.12063273072746278,
            0.00432052982559345
          ]
        }
      },
      "sigma_T": 1485.1969143800088
    },
    {
      "projectile": "n",
      "nucleus": "12C",
      "A": 12,
      "Z": 6,
      "E": 30,
      "params": [
        43.504637699605674,
        1.1268252397979523,
        0.6760155999999999,
        2.8773412493310415,
        1.1268252397979523,
        0.6760155999999999,
        6.071669338065068,
        1.3061125585110593,
        0.5426128,
        5.057535626325416,
        -0.1907000078641666,
        0.9027967196578073,
        0.59
      ],
      "sigma_R": 527.0404641238185,
      "fisher_matrix": [
        [
          14212.884074809743,
          24217.878022588215,
          3474.5078914043715,
          -253.77427589933282,
          -1113.8668737047387,
          -383.3429289877403,
          -3486.819339435697,
          -7298.390111976894,
          637.1179198100181,
          -1765.6210133570532,
          -119.17576533224783,
          747.1870227090924,
          -456.25208311061175
        ],
        [
          24217.878022588215,
          156536.03208836642,
          118554.11697463537,
          1593.212765716449,
          6108.266866495961,
          -58.23961565931336,
          15671.286655831416,
          -12163.639897900692,
          -6234.865473991022,
          8118.702324675888,
          170.13140043283835,
          35.07310659130331,
          -19843.616968913273
        ],
        [
          3474.5078914043715,
          118554.11697463537,
          141236.08671640587,
          1002.9331033498909,
          9019.350776934949,
          1973.4357713889824,
          27983.763872974836,
          25649.45330304835,
          -9657.367408072167,
          14955.268502709596,
          68.48890752589772,
          16782.556690997113,
          -24724.877447662227
        ],
        [
          -253.77427589933282,
          1593.212765716449,
          1002.9331033498909,
          102.6575557021292,
          190.4069667705804,
          -8.146630693470884,
          425.0513438633414,
          -25.125097423774662,
          -15.872198477746293,
          -115.238319308207,
          13.520128434599046,
          -642.9415543733777,
          17.723471863754373
        ],
        [
          -1113.8668737047387,
          6108.266866495961,
          9019.350776934949,
          190.4069667705804,
          909.3643177971794,
          193.02778222005884,
          2753.1050974341565,
          3509.9430637722544,
          -742.1438827949393,
          627.4418750436109,
          1.5147665219151418,
          583.1157264446639,
          -1214.1614306131612
        ],
        [
          -383.3429289877403,
          -58.23961565931336,
          1973.4357713889824,
          -8.146630693470884,
          193.02778222005884,
          109.53416756294499,
          741.4507784144635,
          2220.5708619150105,
          -92.50200093603947,
          255.81104892691698,
          -11.146527372208963,
          833.2275545393854,
          -339.4824073110376
        ],
        [
          -3486.819339435697,
          15671.286655831416,
          27983.763872974836,
          425.0513438633414,
          2753.1050974341565,
          741.4507784144635,
          8798.546615075182,
          13856.982649884894,
          -2513.331511097381,
          2157.376116276275,
          -41.81991864414838,
          3737.760553126229,
          -3896.4443353005045
        ],
        [
          -7298.390111976894,
          -12163.639897900692,
          25649.45330304835,
          -25.125097423774662,
          3509.9430637722544,
          2220.5708619150105,
          13856.982649884894,
          51123.46047173987,
          47.095567598454615,
          2076.7875262382445,
          -245.58844812869708,
          13286.245997729147,
          -3001.3939280731647
        ],
        [
          637.1179198100181,
          -6234.865473991022,
          -9657.367408072167,
          -15.872198477746293,
          -742.1438827949393,
          -92.50200093603947,
          -2513.331511097381,
          47.095567598454615,
          2553.986386970722,
          -628.9533466177675,
          65.17401266421449,
          -1680.1766966717519,
          1282.4317275549315
        ],
        [
          -1765.6210133570532,
          8118.702324675888,
          14955.268502709596,
          -115.238319308207,
          627.4418750436109,
          255.81104892691698,
          2157.376116276275,
          2076.7875262382445,
          -628.9533466177675,
          3696.3823131915155,
          64.53340484646746,
          3280.565839359258,
          -4069.413694780379
        ],
        [
          -119.17576533224783,
          170.13140043283835,
          68.48890752589772,
          13.520128434599046,
          1.5147665219151418,
          -11.146527372208963,
          -41.81991864414838,
          -245.58844812869708,
          65.17401266421449,
          64.53340484646746,
          10.781221183537221,
          -175.02922371304282,
          -32.75229828603092
        ],
        [
          747.1870227090924,
          35.07310659130331,
          16782.556690997113,
          -642.9415543733777,
          583.1157264446639,
          833.2275545393854,
          3737.760553126229,
          13286.245997729147,
          -1680.1766966717519,
          3280.565839359258,
          -175.02922371304282,
          13410.13257030987,
          -4097.982085174959
        ],
        [
          -456.25208311061175,
          -19843.616968913273,
          -24724.877447662227,
          17.723471863754373,
          -1214.1614306131612,
          -339.4824073110376,
          -3896.4443353005045,
          -3001.3939280731647,
          1282.4317275549315,
          -4069.413694780379,
          -32.75229828603092,
          -4097.982085174959,
          5745.153144767624
        ]
      ],
      "deff_results": {
        "elastic_13p": {
          "D_eff": 1.2610960614885585,
          "condition_number": 296190193708329.1,
          "eigenvalues": [
            7697.456805819202,
            528.6697056083534,
            407.8413470042287,
            29.864974351991247,
            7.749051045235047,
            3.6933680274582104,
            1.2447630978689619,
            0.1350453762100915,
            0.006140911352968487,
            0.00012761200395282194,
            8.603916291782606e-06,
            4.7492670428054527e-08,
            2.5988223004436164e-11
          ]
        },
        "elastic_Ay_13p": {
          "D_eff": 1.85969012703046,
          "condition_number": 23072942.475662872,
          "eigenvalues": [
            279452.4284236963,
            82094.52032346543,
            19078.50456384389,
            12466.616641365494,
            3562.735110984426,
            976.8288773988833,
            604.4888204904975,
            185.459353522585,
            17.656250795348114,
            1.5532939862600685,
            0.42998543436128145,
            0.06240697502140685,
            0.012111694410821687
          ]
        },
        "elastic_sigR_13p": {
          "D_eff": 1.261500734066855,
          "condition_number": 602365214151.0215,
          "eigenvalues": [
            7697.822041783807,
            529.6318247404713,
            407.8605820022444,
            30.245634523105153,
            7.804349010961139,
            3.700231058661595,
            1.3310263114099858,
            0.13520042425814846,
            0.006824458514425198,
            0.0011737358443286903,
            3.2588353594281886e-05,
            1.8295303795711833e-06,
            1.2779326994559573e-08
          ]
        },
        "elastic_Ay_sigR_13p": {
          "D_eff": 1.8597031405357474,
          "condition_number": 22832792.32882446,
          "eigenvalues": [
            279452.60948478046,
            82094.9964784589,
            19079.099713251977,
            12466.765468611226,
            3562.886561874582,
            976.9227407791192,
            604.5735912301305,
            185.51072420723992,
            17.74810034671378,
            1.5558158686329546,
            0.4303879884450682,
            0.062442139848306724,
            0.012239090403848473
          ]
        },
        "all_13p": {
          "D_eff": 1.8597050560711927,
          "condition_number": 22568994.40275826,
          "eigenvalues": [
            279453.8115189733,
            82095.00586587423,
            19079.66464878311,
            12466.773629810172,
            3562.9127218704016,
            976.9281940485281,
            604.5744991900375,
            185.51911874855182,
            17.748102481488992,
            1.5573437986043932,
            0.4305830982119292,
            0.06303500556882041,
            0.0123822003998911
          ]
        },
        "elastic_11p": {
          "D_eff": 1.2610296694453034,
          "condition_number": 46450333932.50999,
          "eigenvalues": [
            7644.047363802577,
            527.1893718022393,
            407.1567238334595,
            28.672246040507353,
            7.349255481874594,
            1.1877371903937526,
            0.9035891131632239,
            0.01218464023522146,
            0.002743113075689541,
            1.9394735357506538e-06,
            1.6456388397355756e-07
          ]
        },
        "all_11p": {
          "D_eff": 1.753393869707009,
          "condition_number": 8359544.012406039,
          "eigenvalues": [
            275049.5093503048,
            77568.58994246466,
            18652.5744783576,
            4667.081096543973,
            2822.2644946617324,
            446.1439786673452,
            80.38171027306174,
            2.5800760786649404,
            0.48201801621325513,
            0.07588098356038034,
            0.032902453643657556
          ]
        },
        "elastic_9p": {
          "D_eff": 1.2616614548340799,
          "condition_number": 24059107.42939673,
          "eigenvalues": [
            7615.281784680592,
            527.1247829546232,
            407.1456282299633,
            28.560610175267048,
            7.196909873340202,
            1.153150565350913,
            0.018314112363382297,
            0.0036735815170909395,
            0.0003165238696833709
          ]
        },
        "all_9p": {
          "D_eff": 1.732354840043813,
          "condition_number": 6253327.017655111,
          "eigenvalues": [
            274075.0503475221,
            77270.70272316343,
            17841.935327665604,
            4200.726377191216,
            2034.220632757482,
            152.37584888538177,
            6.726212579055764,
            0.7710959889765205,
            0.043828677050428026
          ]
        }
      },
      "sigma_T": 1317.931546193595
    },
    {
      "projectile": "n",
      "nucleus": "12C",
      "A": 12,
      "Z": 6,
      "E": 50,
      "params": [
        37.29951789007481,
        1.1268252397979523,
        0.6760155999999999,
        4.9710248054163015,
        1.1268252397979523,
        0.6760155999999999,
        4.089771228587733,
        1.3061125585110593,
        0.5426128,
        4.668693809093764,
        -0.3930007421468868,
        0.9027967196578073,
        0.59
      ],
      "sigma_R": 387.0631277783763,
      "fisher_matrix": [
        [
          104297.73793148028,
          267525.57855280157,
          -41873.459517669406,
          -817.5930696270841,
          -37975.41464458583,
          -25118.40427170936,
          -70344.20013722642,
          -277637.9277376844,
          44318.20535019025,
          22349.185996977518,
          1575.536578347463,
          7896.695567864737,
          -25764.218071907468
        ],
        [
          267525.57855280157,
          1265965.2791081327,
          182311.65295816484,
          28009.5501766684,
          -36617.10632914642,
          -86977.48756837871,
          -140046.03681208898,
          -1072560.2345810134,
          36231.07150186173,
          106040.66030206492,
          1915.427940121543,
          104981.3800487127,
          -24375.774507165486
        ],
        [
          -41873.459517669406,
          182311.65295816484,
          198914.13290867663,
          18174.199173507175,
          59777.86330592242,
          7059.400750963088,
          73798.69924387941,
          52220.957349206175,
          -65893.07543991787,
          5376.1441167678,
          -3076.412485264625,
          62939.62002409679,
          55563.984319722564
        ],
        [
          -817.5930696270841,
          28009.5501766684,
          18174.199173507175,
          1875.4682241131984,
          4742.094427395601,
          -246.4382688481585,
          4882.476994719191,
          -6040.955108112383,
          -5068.341454087328,
          1392.9724439045244,
          -253.68614084370887,
          6884.871167846221,
          4638.650109340065
        ],
        [
          -37975.41464458583,
          -36617.10632914642,
          59777.86330592242,
          4742.094427395601,
          26425.127917006244,
          10305.940147123963,
          40811.30825654921,
          113792.85585532851,
          -28415.636109736286,
          -7421.069251222987,
          -1507.2220864609276,
          18014.705068268904,
          25059.41876858619
        ],
        [
          -25118.40427170936,
          -86977.48756837871,
          7059.400750963088,
          -246.4382688481585,
          10305.940147123963,
          9003.696035095913,
          21636.349158852347,
          110881.04775498426,
          -9743.809618544294,
          -9630.439012854382,
          -676.313284151383,
          1616.0004750120518,
          10908.999827694377
        ],
        [
          -70344.20013722642,
          -140046.03681208898,
          73798.69924387941,
          4882.476994719191,
          40811.30825654921,
          21636.349158852347,
          69742.36837742421,
          252319.3678633757,
          -43032.882285418134,
          -19624.57229412241,
          -2445.163647348463,
          20673.373600778672,
          40461.57736376593
        ],
        [
          -277637.9277376844,
          -1072560.2345810134,
          52220.957349206175,
          -6040.955108112383,
          113792.85585532851,
          110881.04775498426,
          252319.3678633757,
          1402674.8285783604,
          -98444.68284569237,
          -123869.08650746287,
          -8017.493746628233,
          19987.37644705561,
          132187.49012077984
        ],
        [
          44318.20535019025,
          36231.07150186173,
          -65893.07543991787,
          -5068.341454087328,
          -28415.636109736286,
          -9743.809618544294,
          -43032.882285418134,
          -98444.68284569237,
          36224.25133431083,
          7892.50222407942,
          1553.546670667623,
          -11263.997772850162,
          -26342.22845591843
        ],
        [
          22349.185996977518,
          106040.66030206492,
          5376.1441167678,
          1392.9724439045244,
          -7421.069251222987,
          -9630.439012854382,
          -19624.57229412241,
          -123869.08650746287,
          7892.50222407942,
          13903.406088074562,
          643.790889980928,
          5246.236963655059,
          -10756.92277416554
        ],
        [
          1575.536578347463,
          1915.427940121543,
          -3076.412485264625,
          -253.68614084370887,
          -1507.2220864609276,
          -676.313284151383,
          -2445.163647348463,
          -8017.493746628233,
          1553.546670667623,
          643.790889980928,
          141.35033130447027,
          -1759.6794397786164,
          -1943.3611673058479
        ],
        [
          7896.695567864737,
          104981.3800487127,
          62939.62002409679,
          6884.871167846221,
          18014.705068268904,
          1616.0004750120518,
          20673.373600778672,
          19987.37644705561,
          -11263.997772850162,
          5246.236963655059,
          -1759.6794397786164,
          53645.97294051348,
          25527.521913195447
        ],
        [
          -25764.218071907468,
          -24375.774507165486,
          55563.984319722564,
          4638.650109340065,
          25059.41876858619,
          10908.999827694377,
          40461.57736376593,
          132187.49012077984,
          -26342.22845591843,
          -10756.92277416554,
          -1943.3611673058479,
          25527.521913195447,
          33339.76588509157
        ]
      ],
      "deff_results": {
        "elastic_13p": {
          "D_eff": 2.3367700131085107,
          "condition_number": 75598542228.42056,
          "eigenvalues": [
            2069.604990572269,
            750.0872031681441,
            488.53150651684183,
            113.1289539159189,
            15.850693427506739,
            12.375464371357527,
            1.6413234422115734,
            0.15946792841573484,
            0.030893908316874726,
            0.008464865581020395,
            0.0012905138034949297,
            2.131249326965464e-05,
            2.7376255276443948e-08
          ]
        },
        "elastic_Ay_13p": {
          "D_eff": 1.5303129890447704,
