{
  "param_names": [
    "V",
    "rv",
    "av",
    "W",
    "rw",
    "aw",
    "Wd",
    "rvd",
    "avd",
    "Vso",
    "Wso"
  ],
  "energies": [
    10,
    20,
    30,
    50,
    100,
    150,
    200
  ],
  "combinations": [
    {
      "projectile": "n",
      "nucleus": "120Sn",
      "A": 120,
      "Z": 50,
      "single_energy_deffs": {
        "10": 1.2532069394200345,
        "20": 1.1319144234782548,
        "30": 1.4467886326997241,
        "50": 1.6566338014623354,
        "100": 1.208402158157836,
        "150": 1.197553208203153,
        "200": 1.3801047958104355
      },
      "single_energy_mean": 1.324943422747396,
      "multi_energy_deff": [
        {
          "N_energies": 1,
          "energies_included": [
            10
          ],
          "D_eff": 1.2532069394200345,
          "condition_number": 161645811.13038054,
          "eigenvalues": [
            1175703.2506515943,
            131909.19975646734,
            10561.403573601863,
            4867.462013853945,
            1100.6914739750337,
            235.52006206121195,
            105.61599904011493,
            0.6200172964545496,
            0.0654598952400338,
            0.016425594000104002,
            0.0072733295247799125
          ]
        },
        {
          "N_energies": 2,
          "energies_included": [
            10,
            20
          ],
          "D_eff": 1.1908366991650339,
          "condition_number": 6250684.026315455,
          "eigenvalues": [
            3171310.225553904,
            211468.90857185173,
            61283.99920791694,
            15313.2883625063,
            7770.046074573542,
            1068.1369497544395,
            780.3760207944339,
            60.81150421743027,
            28.24075672585138,
            3.5046912268995754,
            0.507354109118722
          ]
        },
        {
          "N_energies": 3,
          "energies_included": [
            10,
            20,
            30
          ],
          "D_eff": 1.2600743057988375,
          "condition_number": 1011564.6716587438,
          "eigenvalues": [
            3633208.932023897,
            296233.50543829275,
            118096.72669946699,
            29027.190515286882,
            12673.425746355877,
            3242.071565921576,
            1315.7942654546816,
            297.74900926865706,
            113.11963732742556,
            12.176756731833876,
            3.591672419783337
          ]
        },
        {
          "N_energies": 4,
          "energies_included": [
            10,
            20,
            30,
            50
          ],
          "D_eff": 1.2706961121961442,
          "condition_number": 217168.5405895735,
          "eigenvalues": [
            3687621.6586239496,
            305228.89856483974,
            125959.59275512956,
            33866.240927618346,
            14003.05910119526,
            4310.0135787780255,
            1827.8525924812543,
            694.7363877998126,
            160.30512045914747,
            27.080691832800525,
            16.980459732393655
          ]
        },
        {
          "N_energies": 5,
          "energies_included": [
            10,
            20,
            30,
            50,
            100
          ],
          "D_eff": 1.3467261652476026,
          "condition_number": 72607.44880849657,
          "eigenvalues": [
            3900656.0489705913,
            325524.2549410651,
            156783.8663155499,
            114347.30063622982,
            29845.295914684448,
            14845.619747925391,
            3899.4494077124327,
            1687.0755675217354,
            311.3083489669173,
            181.72989673613637,
            53.72253278391093
          ]
        },
        {
          "N_energies": 6,
          "energies_included": [
            10,
            20,
            30,
            50,
            100,
            150
          ],
          "D_eff": 2.1294812889803443,
          "condition_number": 12245.423341607131,
          "eigenvalues": [
            4102194.5692708874,
            1938338.114504433,
            374226.0035393464,
            151946.28469854235,
            42501.77462749934,
            17845.726838497954,
            10736.188942633076,
            4794.039727791338,
            2941.4584415106733,
            1541.3436968483777,
            334.9981829809488
          ]
        },
        {
          "N_energies": 7,
          "energies_included": [
            10,
            20,
            30,
            50,
            100,
            150,
            200
          ],
          "D_eff": 2.313815306925748,
          "condition_number": 4536.543112921919,
          "eigenvalues": [
            4325193.621438713,
            2866259.2623658897,
            411282.9179793999,
            194507.23955765818,
            56834.125873758916,
            29846.341622888307,
            18743.613833039002,
            11563.211563948471,
            5920.68613131343,
            2527.1162732942303,
            953.4117749523427
          ]
        }
      ],
      "full_combined_fisher": [
        [
          828517.676196443,
          1450674.7105679815,
          -11481.22135689672,
          -9747.720060526834,
          -265890.9240297885,
          -15198.667039395848,
          -9170.614095782335,
          24072.031630601185,
          55192.92646894749,
          28764.15192166653,
          6842.624978643121
        ],
        [
          1450674.7105679815,
          3688400.384819409,
          257128.1049563741,
          58817.83940910959,
          -19901.08285695489,
          -64179.811287846336,
          -39848.3388404909,
          -152370.10031897985,
          135186.11798464932,
          -9584.024888608277,
          -23589.45078374601
        ],
        [
          -11481.22135689672,
          257128.1049563741,
          239046.1649675886,
          48009.45496140402,
          609757.038772497,
          29086.819024796954,
          11422.865319669796,
          -91538.61359961983,
          -33361.1194048249,
          -76396.72119709343,
          -25242.459152805674
        ],
        [
          -9747.720060526834,
          58817.83940910959,
          48009.45496140402,
          19135.25918582356,
          158434.5271503607,
          2423.2110451283643,
          3285.470834890897,
          -24811.52630274097,
          -5914.189894455471,
          -20007.10767991546,
          -7737.536537547082
        ],
        [
          -265890.9240297885,
          -19901.08285695489,
          609757.038772497,
          158434.5271503607,
          2603172.9019510085,
          171539.11497627542,
          75729.02845377465,
          -171642.52770869512,
          -197139.2749053794,
          -301189.0956561713,
          -88196.62536923325
        ],
        [
          -15198.667039395848,
          -64179.811287846336,
          29086.819024796954,
          2423.2110451283643,
          171539.11497627542,
          43263.74064628337,
          7986.637492957399,
          18128.856440444135,
          -21643.713995106733,
          -15710.359608197276,
          -725.0102487680388
        ],
        [
          -9170.614095782335,
          -39848.3388404909,
          11422.865319669796,
          3285.470834890897,
          75729.02845377465,
          7986.637492957399,
          8997.974740872185,
          29243.905867264562,
          -7726.491101812408,
          -4854.409112782662,
          -1588.409335404138
        ],
        [
          24072.031630601185,
          -152370.10031897985,
          -91538.61359961983,
          -24811.52630274097,
          -171642.52770869512,
          18128.856440444135,
          29243.905867264562,
          395124.72791171947,
          25898.278551878077,
          50647.656511524256,
          9464.448833401426
        ],
        [
          55192.92646894749,
          135186.11798464932,
          -33361.1194048249,
          -5914.189894455471,
          -197139.2749053794,
          -21643.713995106733,
          -7726.491101812408,
          25898.278551878077,
          38839.803330726536,
          27461.831527290542,
          4521.238353094473
        ],
        [
          28764.15192166653,
          -9584.024888608277,
          -76396.72119709343,
          -20007.10767991546,
          -301189.0956561713,
          -15710.359608197276,
          -4854.409112782662,
          50647.656511524256,
          27461.831527290542,
          53956.35054650711,
          11201.910660769508
        ],
        [
          6842.624978643121,
          -23589.45078374601,
          -25242.459152805674,
          -7737.536537547082,
          -88196.62536923325,
          -725.0102487680388,
          -1588.409335404138,
          9464.448833401426,
          4521.238353094473,
          11201.910660769508,
          5176.564118473821
        ]
      ]
    },
    {
      "projectile": "n",
      "nucleus": "12C",
      "A": 12,
      "Z": 6,
      "single_energy_deffs": {
        "10": 1.3100569913298243,
        "20": 2.1726316238651737,
        "30": 1.9175483283694619,
        "50": 1.363763660461017,
        "100": 2.2243496135653453,
        "150": 2.247566183554782,
        "200": 1.8595057936535333
      },
      "single_energy_mean": 1.8707745992570197,
      "multi_energy_deff": [
        {
          "N_energies": 1,
          "energies_included": [
            10
          ],
          "D_eff": 1.3100569913298243,
          "condition_number": 5614635245.831787,
          "eigenvalues": [
            51867.793210439864,
            3394.48212372349,
            2350.6434249054983,
            1050.6593478693267,
            748.320058168791,
            137.15552205207197,
            23.79609890999093,
            0.13090038540880228,
            0.027316505024364675,
            0.0010551114805343238,
            9.237963098127463e-06
          ]
        },
        {
          "N_energies": 2,
          "energies_included": [
            10,
            20
          ],
          "D_eff": 1.8937644454922582,
          "condition_number": 480795.67277970415,
          "eigenvalues": [
            90075.84642554882,
            23730.794809187835,
            10681.981890039478,
            2601.237735160078,
            1580.6183474335858,
            311.7616279379819,
            109.31836831194852,
            3.1729502479250495,
            0.4155588316763121,
            0.2551832403783857,
            0.18734745657085122
          ]
        },
        {
          "N_energies": 3,
          "energies_included": [
            10,
            20,
            30
          ],
          "D_eff": 2.191866988618803,
          "condition_number": 210387.51314363955,
          "eigenvalues": [
            192732.2121059856,
            70051.6695143144,
            33668.38808734176,
            5501.227671044525,
            3607.6176840412377,
            1857.0520356830662,
            379.40785628880013,
            30.01386376292856,
            3.68576394568888,
            1.8650471153095292,
            0.9160819918737289
          ]
        },
        {
          "N_energies": 4,
          "energies_included": [
            10,
            20,
            30,
            50
          ],
          "D_eff": 1.6476395638754948,
          "condition_number": 116543.0468338877,
          "eigenvalues": [
            1357333.2896530717,
            306790.2666878924,
            99903.63980203884,
            14605.388616136486,
            8087.374557112933,
            2733.5367695747937,
            911.735809830909,
            500.2760103014495,
            63.63316766100399,
            16.79133949230112,
            11.646626088193143
          ]
        },
        {
          "N_energies": 5,
          "energies_included": [
            10,
            20,
            30,
            50,
            100
          ],
          "D_eff": 2.546946795377697,
          "condition_number": 22493.116500702698,
          "eigenvalues": [
            1828902.0960671,
            959861.9851439069,
            523436.94013259234,
            47133.102110792504,
            23993.205284778633,
            9927.744501522826,
            3742.3512268844797,
            2849.543382962876,
            1193.9838450806687,
            508.8760122959656,
            81.30941286015053
          ]
        },
        {
          "N_energies": 6,
          "energies_included": [
            10,
            20,
            30,
            50,
            100,
            150
          ],
          "D_eff": 2.682394873860929,
          "condition_number": 4560.753494034525,
          "eigenvalues": [
            1905338.5910292256,
            978855.0889328093,
            642241.880837195,
            65349.813427699635,
            26184.79252211667,
            23903.197659992966,
            12535.686677955533,
            5491.802077696074,
            3481.0797405385815,
            880.293301524669,
            417.7683783000797
          ]
        },
        {
          "N_energies": 7,
          "energies_included": [
            10,
            20,
            30,
            50,
            100,
            150,
            200
          ],
          "D_eff": 2.7684184079944276,
          "condition_number": 2067.1117889644183,
          "eigenvalues": [
            1925225.1061506402,
            985125.6448351284,
            701312.9425026404,
            68429.18907916501,
            47835.2528297563,
            26705.47748741162,
            17350.81891333909,
            6169.048322632563,
            4693.973780597877,
            1944.0265205556584,
            931.3599372945085
          ]
        }
      ],
      "full_combined_fisher": [
        [
          183193.09303401437,
          314621.7253107839,
          -58725.09731884682,
          -8678.401756389509,
          -121233.10021621155,
          -16094.765016916328,
          -60196.98954640186,
          -11415.1361320803,
          45652.983199423834,
          17665.783881609255,
          -5672.257270841095
        ],
        [
          314621.7253107839,
          1281572.4864786146,
          467792.8809413008,
          34531.76241192995,
          -78380.1697686477,
          -100986.20766590408,
          -86507.9889841353,
          -454519.2985752973,
          -13515.955895553623,
          107057.99539851236,
          -47523.96502510594
        ],
        [
          -58725.09731884682,
          467792.8809413008,
          669101.716821414,
          39159.55683801176,
          173104.97390158108,
          -29551.981083006674,
          81299.67683748966,
          -96412.26064739298,
          -164210.03771131334,
          41667.56358870023,
          -50320.0818190652
        ],
        [
          -8678.401756389509,
          34531.76241192995,
          39159.55683801176,
          7744.885431751969,
          19455.478861323092,
          -9271.04297551175,
          4402.814700688886,
          -29809.119022856485,
          -9716.74665911989,
          2363.230441429127,
          -3577.7647906505745
        ],
        [
          -121233.10021621155,
          -78380.1697686477,
          173104.97390158108,
          19455.478861323092,
          179815.19230945478,
          7577.627201097287,
          41948.407717022026,
          -105942.57960862627,
          -71294.50687323761,
          -14590.438258924582,
          -9170.818793875475
        ],
        [
          -16094.765016916328,
          -100986.20766590408,
          -29551.981083006674,
          -9271.04297551175,
          7577.627201097287,
          33650.94676905865,
          17634.041766452992,
          107170.3779174077,
          -18509.39451596333,
          -17789.403888175322,
          4329.588654464313
        ],
        [
          -60196.98954640186,
          -86507.9889841353,
          81299.67683748966,
          4402.814700688886,
          41948.407717022026,
          17634.041766452992,
          53832.362796220834,
          140899.993150928,
          -49881.28883590409,
          -14737.235972340135,
          -3619.292281462347
        ],
        [
          -11415.1361320803,
          -454519.2985752973,
          -96412.26064739298,
          -29809.119022856485,
          -105942.57960862627,
          107170.3779174077,
          140899.993150928,
          1240779.526798152,
          -52385.20135774189,
          -85535.21624506262,
          -4419.33845346602
        ],
        [
          45652.983199423834,
          -13515.955895553623,
          -164210.03771131334,
          -9716.74665911989,
          -71294.50687323761,
          -18509.39451596333,
          -49881.28883590409,
          -52385.20135774189,
          102467.95213635782,
          16717.934148378492,
          13379.006513938082
        ],
        [
          17665.783881609255,
          107057.99539851236,
          41667.56358870023,
          2363.230441429127,
          -14590.438258924582,
          -17789.403888175322,
          -14737.235972340135,
          -85535.21624506262,
          16717.934148378492,
          25842.93153234693,
          -1917.4477002843114
        ],
        [
          -5672.257270841095,
          -47523.96502510594,
          -50320.0818190652,
          -3577.7647906505745,
          -9170.818793875475,
          4329.588654464313,
          -3619.292281462347,
          -4419.33845346602,
          13379.006513938082,
          -1917.4477002843114,
          7721.746251776
        ]
      ]
    },
    {
      "projectile": "n",
      "nucleus": "16O",
      "A": 16,
      "Z": 8,
      "single_energy_deffs": {
        "10": 2.27180813275036,
        "20": 1.5027772817434724,
        "30": 1.1081161572156626,
        "50": 1.3363764882067206,
        "100": 2.6169920022630815,
        "150": 2.1425253367786796,
        "200": 1.6893380455577411
      },
      "single_energy_mean": 1.80970477778796,
      "multi_energy_deff": [
        {
          "N_energies": 1,
          "energies_included": [
            10
          ],
          "D_eff": 2.27180813275036,
          "condition_number": 481786672.5515624,
          "eigenvalues": [
            39215.75364512687,
            19502.897783152686,
            6536.967652964909,
            960.4026658026934,
            388.00545803589847,
            122.64731739386151,
            37.01242452849452,
            0.21020806151326155,
            0.03742407474583431,
            0.0004963666399217875,
            8.139650986491302e-05
          ]
        },
        {
          "N_energies": 2,
          "energies_included": [
            10,
            20
          ],
          "D_eff": 2.0458230965043653,
          "condition_number": 1107024.246080575,
          "eigenvalues": [
            111963.46879747353,
            36525.834687279676,
            17329.77194517819,
            2309.0513591186054,
            1299.5169798978523,
            506.7677710744551,
            369.802634347926,
            3.0133211091791763,
            1.0202623876748895,
            0.3285618939292215,
            0.10113912969285067
          ]
        },
        {
          "N_energies": 3,
          "energies_included": [
            10,
            20,
            30
          ],
          "D_eff": 1.2980240103214244,
          "condition_number": 706208.5487126965,
          "eigenvalues": [
            877417.9452741268,
            78691.55238240171,
            35516.259340582495,
            6300.456952245302,
            4251.402693712954,
            1530.8961852384919,
            771.6916469378838,
            26.370607307900777,
            5.559187023488941,
            3.2509456952040123,
            1.2424346135054825
          ]
        },
        {
          "N_energies": 4,
          "energies_included": [
            10,
            20,
            30,
            50
          ],
          "D_eff": 1.379984532573165,
          "condition_number": 152017.334298485,
          "eigenvalues": [
            1653799.4132425236,
            178494.41471970046,
            92556.62059402173,
            17443.277966702644,
            10204.542033490543,
            2301.2508636078637,
            1427.8549555542647,
            831.1383314735775,
            126.52252520058518,
            19.822871868890825,
            10.879018638725107
          ]
        },
        {
          "N_energies": 5,
          "energies_included": [
            10,
            20,
            30,
            50,
            100
          ],
          "D_eff": 1.7724220145255785,
          "condition_number": 24906.202743632544,
          "eigenvalues": [
            1852968.0231135637,
            354223.456189544,
            220011.0713441833,
            63972.98107370055,
            21594.640374676386,
            8186.023937306136,
            4441.4622325257815,
            2569.4140615682427,
            1961.8533680867085,
            220.76384574786456,
            74.39785350608248
          ]
        },
        {
          "N_energies": 6,
          "energies_included": [
            10,
            20,
            30,
            50,
            100,
            150
          ],
          "D_eff": 1.9227209085485286,
          "condition_number": 6247.913220174605,
          "eigenvalues": [
            1915876.3664108166,
            464121.1238568049,
            235134.46949058014,
            70575.33773102528,
            33160.49803840251,
            20208.199915368245,
            6181.642050717358,
            5109.6396575151775,
            3550.1430854459363,
            881.2318935235746,
            306.6426019209779
          ]
        },
        {
          "N_energies": 7,
          "energies_included": [
            10,
            20,
            30,
            50,
            100,
            150,
            200
          ],
          "D_eff": 2.011201097414739,
          "condition_number": 3678.435210743791,
          "eigenvalues": [
            1935220.9936596928,
            518676.6031862061,
            246594.49747387724,
            72653.67506521266,
            48037.60288659869,
            23656.141172216943,
            9176.71397766986,
            5582.037671151479,
            4095.0414237418386,
            1461.3250519356266,
            526.0989749139513
          ]
        }
      ],
      "full_combined_fisher": [
        [
          206398.01007287498,
          417618.10260061896,
          -112649.49600436752,
          -5149.254563858571,
          -97049.7721905534,
          -15912.711777167122,
          -80943.36595672522,
          -138026.46441893364,
          64703.98144945925,
          4999.590091066378,
          4711.525664494102
        ],
        [
          417618.10260061896,
          1398819.341257538,
          -18352.731625951605,
          31486.760669302632,
          -66359.65227765871,
          -95120.21653806101,
          -193912.7010621992,
          -637160.7632092983,
          126450.927207554,
          48044.76238665681,
          -11550.098152442042
        ],
        [
          -112649.49600436752,
          -18352.731625951605,
          237715.98871508482,
          22397.582914756924,
          142444.6746717576,
          -12156.207294646063,
          46430.729062324084,
          -63238.612398776386,
          -76628.12769043064,
          -1295.9029450722462,
          -17575.006594581602
        ],
        [
          -5149.254563858571,
          31486.760669302632,
          22397.582914756924,
          6617.371866758888,
          23876.68934619034,
          -5349.735665973564,
          2757.4117607126955,
          -18029.65151337093,
          -8939.896452897032,
          -1553.9905177675791,
          -3293.571512888715
        ],
        [
          -97049.7721905534,
          -66359.65227765871,
          142444.6746717576,
          23876.68934619034,
          160276.51741289423,
          -2634.252414947554,
          38760.33971025036,
          -36982.259490077115,
          -68388.46732539937,
          -18326.32885372951,
          -15370.677593848064
        ],
        [
          -15912.711777167122,
          -95120.21653806101,
          -12156.207294646063,
          -5349.735665973564,
          -2634.252414947554,
          17793.501451433054,
          13729.374710827957,
          59595.47719993346,
          -13181.723375457601,
          -8291.181615802652,
          4146.238020197266
        ],
        [
          -80943.36595672522,
          -193912.7010621992,
          46430.729062324084,
          2757.4117607126955,
          38760.33971025036,
          13729.374710827957,
          52577.79582631609,
          126799.988865936,
          -43413.66601485741,
          -11454.177306066214,
          -2422.2456861224537
        ],
        [
          -138026.46441893364,
          -637160.7632092983,
          -63238.612398776386,
          -18029.65151337093,
          -36982.259490077115,
          59595.47719993346,
          126799.988865936,
          669924.1114276526,
          -27590.722075504484,
          -32384.550992011355,
          11133.219049793162
        ],
        [
          64703.98144945925,
          126450.927207554,
          -76628.12769043064,
          -8939.896452897032,
          -68388.46732539937,
          -13181.723375457601,
          -43413.66601485741,
          -27590.722075504484,
          92062.6890031597,
          23036.788012898298,
          6906.10000985282
        ],
        [
          4999.590091066378,
          48044.76238665681,
          -1295.9029450722462,
          -1553.9905177675791,
          -18326.32885372951,
          -8291.181615802652,
          -11454.177306066214,
          -32384.550992011355,
          23036.788012898298,
          19186.801279524792,
          855.9250351606386
        ],
        [
          4711.525664494102,
          -11550.098152442042,
          -17575.006594581602,
          -3293.571512888715,
          -15370.677593848064,
          4146.238020197266,
          -2422.2456861224537,
          11133.219049793162,
          6906.10000985282,
          855.9250351606386,
          4308.602229981469
        ]
      ]
    },
    {
      "projectile": "n",
      "nucleus": "197Au",
      "A": 197,
      "Z": 79,
      "single_energy_deffs": {
        "10": 1.187675139308067,
        "20": 1.2496094585142028,
        "30": 1.934464015466826,
        "50": 1.6709481237809416,
        "100": 1.6381082505465698,
        "150": 1.9140252009417902,
        "200": 1.5414329201135062
      },
      "single_energy_mean": 1.590894729810272,
      "multi_energy_deff": [
        {
          "N_energies": 1,
          "energies_included": [
            10
          ],
          "D_eff": 1.187675139308067,
          "condition_number": 933801262.9833922,
          "eigenvalues": [
            1497730.036942692,
            116067.0128172336,
            18877.94865916833,
            2897.5997473819316,
            903.8756748037539,
            662.7062182216218,
            120.75718823403504,
            0.4507119526884666,
            0.03980735784086986,
            0.030973540555859085,
            0.0016039066301512695
          ]
        },
        {
          "N_energies": 2,
          "energies_included": [
            10,
            20
          ],
          "D_eff": 1.2506116969027175,
          "condition_number": 5029221.959314351,
          "eigenvalues": [
            2944521.066203711,
            252937.8275939955,
            79648.62223758422,
            16930.069695308033,
            8562.63851224013,
            2329.53209249425,
            1294.8707481000379,
            36.19357593647187,
            10.589773074359325,
            4.2760988494207925,
            0.5854824245230065
          ]
        },
        {
          "N_energies": 3,
          "energies_included": [
            10,
            20,
            30
          ],
          "D_eff": 1.4743790732602098,
          "condition_number": 1077136.2591751013,
          "eigenvalues": [
            3622896.2741971016,
            604567.47881159,
            190417.20945517943,
            26070.39994193887,
            13499.23648495405,
            5798.646030262842,
            2303.7086574606888,
            415.9225538523965,
            43.87444458618046,
            17.646801839759828,
            3.363452156899452
          ]
        },
        {
          "N_energies": 4,
          "energies_included": [
            10,
            20,
            30,
            50
          ],
          "D_eff": 1.5001416434730326,
          "condition_number": 293986.1899100139,
          "eigenvalues": [
            3776041.8921521846,
            665940.0468434354,
            203623.87878048926,
            29520.07344122813,
            15166.726239132722,
            8392.803379972966,
            3030.165870250481,
            1199.7734084845295,
            121.79474542816791,
            35.0619430925491,
            12.844283241018877
          ]
        },
        {
          "N_energies": 5,
          "energies_included": [
            10,
            20,
            30,
            50,
            100
          ],
          "D_eff": 1.7105336457468872,
          "condition_number": 103810.23792584638,
          "eigenvalues": [
            7900479.583082769,
            2076617.1974392822,
            417091.71088769607,
            248827.6831859199,
            29156.116676602996,
            16846.02132359733,
            8420.96132835186,
            3459.3354318302722,
            1503.8312839656414,
            293.7482349987158,
            76.10501373406187
          ]
        },
        {
          "N_energies": 6,
          "energies_included": [
            10,
            20,
            30,
            50,
            100,
            150
          ],
          "D_eff": 1.9723822097506931,
          "condition_number": 22856.226747710618,
          "eigenvalues": [
            9967843.86151869,
            3080318.850167839,
            1098099.5434822459,
            408578.4079748208,
            100980.6148913677,
            48695.179713188285,
            18713.02465078984,
            13043.802368547613,
            5166.7043618888865,
            3290.998712633201,
            436.11064816361755
          ]
        },
        {
          "N_energies": 7,
          "energies_included": [
            10,
            20,
            30,
            50,
            100,
            150,
            200
          ],
          "D_eff": 2.0738991956243877,
          "condition_number": 9154.967916305402,
          "eigenvalues": [
            10156001.729264485,
            3552360.3378859013,
            1269051.8375718272,
            413662.4881276319,
            109038.15951439837,
            64591.00439554737,
            21636.178137898245,
            17276.70989828623,
            5706.032956143019,
            4046.3526050567893,
            1109.3432355100008
          ]
        }
      ],
      "full_combined_fisher": [
        [
          810947.1478817826,
          1912508.0946927995,
          -38925.56104783345,
          -3201.804062579501,
          -401806.90898248664,
          -42952.67209249859,
          -16894.03740153616,
          112929.09029579145,
          105099.92411348975,
          42975.48857700444,
          -7330.008527374319
        ],
        [
          1912508.0946927995,
          9212502.20738523,
          233928.27694059093,
          45422.29168989463,
          -1710280.0966050671,
          -374012.56881931226,
          -119772.66516874425,
          120565.15778741194,
          391827.211966075,
          336031.99815848545,
          -79602.14050769903
        ],
        [
          -38925.56104783345,
          233928.27694059093,
          154936.24416002785,
          22531.877259843324,
          316155.2789175855,
          20782.69383099185,
          13626.610519622103,
          31495.970754740498,
          -18126.711976784387,
          -33569.632322340876,
          -6149.660794500438
        ],
        [
          -3201.804062579501,
          45422.29168989463,
          22531.877259843324,
          15654.282912144763,
          171081.2531914612,
          5200.793426576778,
          10823.84402805928,
          70605.35456552725,
          -14422.720250003138,
          -12575.342156254714,
          -3027.5029980817753
        ],
        [
          -401806.90898248664,
          -1710280.0966050671,
          316155.2789175855,
          171081.2531914612,
          3477064.3044837154,
          171836.1241231543,
          190894.13875803552,
          882537.8689494539,
          -350075.02541156544,
          -311878.5842672399,
          -19409.45417022035
        ],
        [
          -42952.67209249859,
          -374012.56881931226,
          20782.69383099185,
          5200.793426576778,
          171836.1241231543,
          84057.1402223002,
          6035.524328040027,
          -12629.388139247367,
          7257.379082485555,
          -29309.8145214123,
          11869.99591528166
        ],
        [
          -16894.03740153616,
          -119772.66516874425,
          13626.610519622103,
          10823.84402805928,
          190894.13875803552,
          6035.524328040027,
          22858.240851136678,
          144187.65584477514,
          -29040.038688837714,
          -19648.400584757925,
          -2401.5574195127047
        ],
        [
          112929.09029579145,
          120565.15778741194,
          31495.970754740498,
          70605.35456552725,
          882537.8689494539,
          -12629.388139247367,
          144187.65584477514,
          1681784.2784046177,
          -170912.77859769473,
          -76623.16101926619,
          -30941.462702896464
        ],
        [
          105099.92411348975,
          391827.211966075,
          -18126.711976784387,
          -14422.720250003138,
          -350075.02541156544,
          7257.379082485555,
          -29040.038688837714,
          -170912.77859769473,
          91369.84978550559,
          38415.1044130838,
          7662.140619367168
        ],
        [
          42975.48857700444,
          336031.99815848545,
          -33569.632322340876,
          -12575.342156254714,
          -311878.5842672399,
          -29309.8145214123,
          -19648.400584757925,
          -76623.16101926619,
          38415.1044130838,
          59094.05143285786,
          -383.38748673991495
        ],
        [
          -7330.008527374319,
          -79602.14050769903,
          -6149.660794500438,
          -3027.5029980817753,
          -19409.45417022035,
          11869.99591528166,
          -2401.5574195127047,
          -30941.462702896464,
          7662.140619367168,
          -383.38748673991495,
          4212.426073372235
        ]
      ]
    },
    {
      "projectile": "n",
      "nucleus": "208Pb",
      "A": 208,
      "Z": 82,
      "single_energy_deffs": {
        "10": 1.166299136488932,
        "20": 1.4803279209236662,
        "30": 1.7375586289143483,
        "50": 1.2893342328493593,
        "100": 1.8431298754474403,
        "150": 1.4331223727034141,
        "200": 1.4652421422530162
      },
      "single_energy_mean": 1.4878591870828823,
      "multi_energy_deff": [
        {
          "N_energies": 1,
          "energies_included": [
            10
          ],
          "D_eff": 1.166299136488932,
          "condition_number": 1280294769.7212174,
          "eigenvalues": [
            1066876.7459671833,
            73939.64694897359,
            8693.117789936234,
            3937.749622989079,
            822.6138715765368,
            574.0205353848696,
            143.03270285416403,
            0.31383446729540143,
            0.04021603622226487,
            0.01224586683499276,
            0.0008333055568129005
          ]
        },
        {
          "N_energies": 2,
          "energies_included": [
            10,
            20
          ],
          "D_eff": 1.3286122668682379,
          "condition_number": 3698737.297225909,
          "eigenvalues": [
            1847467.446976041,
            218257.81186951342,
            57403.15503647441,
            13128.897413611778,
            5465.617992193341,
            2233.754206327762,
            1359.772333063108,
            53.86654141311696,
            10.789415114752083,
            4.238926942146477,
            0.499485986301774
          ]
        },
        {
          "N_energies": 3,
          "energies_included": [
            10,
            20,
            30
          ],
          "D_eff": 1.5400570844317505,
          "condition_number": 990488.1334915794,
          "eigenvalues": [
            2838949.707039417,
            531701.761017983,
            174315.92394527412,
            25394.447537925993,
            11817.234866912433,
            6129.00135423189,
            2273.3917805662395,
            425.483754073313,
            43.29219191491762,
            12.714435300266986,
            2.8662127400070987
          ]
        },
        {
          "N_energies": 4,
          "energies_included": [
            10,
            20,
            30,
            50
          ],
          "D_eff": 1.5259348970924609,
          "condition_number": 206433.9584732383,
          "eigenvalues": [
            3122295.2923703007,
            555679.8771940705,
            193327.19238390302,
            27892.84899086977,
            13932.166327791161,
            7855.17006232966,
            2914.9681556424052,
            959.360083354501,
            111.30296965822451,
            29.668329921985954,
            15.124911208710213
          ]
        },
        {
          "N_energies": 5,
          "energies_included": [
            10,
            20,
            30,
            50,
            100
          ],
          "D_eff": 1.8175992297153367,
          "condition_number": 53986.14082496357,
          "eigenvalues": [
            4103782.9224445904,
            1065491.4566362286,
            364044.4871649168,
            153461.71527599014,
            28195.87058051461,
            13978.890391923456,
            7276.901900276177,
            3171.4415510755484,
            1370.4774137975512,
            171.2955521409612,
            76.01548952628546
          ]
        },
        {
          "N_energies": 6,
          "energies_included": [
            10,
            20,
            30,
            50,
            100,
            150
          ],
          "D_eff": 2.382560975404967,
          "condition_number": 15628.44601292326,
          "eigenvalues": [
            5017185.733289738,
            2354950.418405869,
            827493.5091095218,
            297525.8582311901,
            89856.30708054046,
            43959.25297682574,
            15456.61400275911,
            9405.935394418679,
            4250.292799729203,
            2990.282900181851,
            321.0290856263634
          ]
        },
        {
          "N_energies": 7,
          "energies_included": [
            10,
            20,
            30,
            50,
            100,
            150,
            200
          ],
          "D_eff": 2.497171098038387,
          "condition_number": 5223.748408735337,
          "eigenvalues": [
            5234072.028985059,
            3013214.623846994,
            902775.1012348543,
            304603.7754468363,
            104833.29425502998,
            60635.5258836237,
            17975.890044158088,
            16014.31069090719,
            4730.802031140122,
