{
  "method": "numerov_spin_half_extended",
  "nuclei": [
    "12C",
    "16O",
    "27Al",
    "28Si",
    "40Ca",
    "48Ti",
    "56Fe",
    "58Ni",
    "90Zr",
    "120Sn",
    "197Au",
    "208Pb"
  ],
  "A_values": [
    12,
    16,
    27,
    28,
    40,
    48,
    56,
    58,
    90,
    120,
    197,
    208
  ],
  "energies": [
    10,
    20,
    30,
    50,
    100,
    150,
    200
  ],
  "projectiles": [
    "n",
    "p"
  ],
  "param_names": [
    "V",
    "rv",
    "av",
    "W",
    "rw",
    "aw",
    "Wd",
    "rvd",
    "avd",
    "Vso",
    "Wso",
    "rvso",
    "avso"
  ],
  "theta_deg": [
    5.0,
    10.0,
    15.0,
    20.0,
    25.0,
    30.0,
    35.0,
    40.0,
    45.0,
    50.0,
    55.0,
    60.0,
    65.0,
    70.0,
    75.0,
    80.0,
    85.0,
    90.0,
    95.0,
    100.0,
    105.0,
    110.0,
    115.0,
    120.0,
    125.0,
    130.0,
    135.0,
    140.0,
    145.0,
    150.0,
    155.0,
    160.0,
    165.0,
    170.0,
    175.0
  ],
  "observable_combinations": [
    "elastic_9p",
    "elastic_11p",
    "elastic_13p",
    "elastic_Ay_13p",
    "elastic_sigR_13p",
    "elastic_Ay_sigR_13p",
    "all_13p",
    "all_11p",
    "all_9p"
  ],
  "data": [
    {
      "projectile": "n",
      "nucleus": "12C",
      "A": 12,
      "Z": 6,
      "E": 10,
      "params": [
        50.599174972962324,
        1.1268252397979523,
        0.6760155999999999,
        0.9093961432627454,
        1.1268252397979523,
        0.6760155999999999,
        7.7870477936289495,
        1.3061125585110593,
        0.5426128,
        5.478762938303695,
        -0.052320591551728336,
        0.9027967196578073,
        0.59
      ],
      "sigma_R": 803.7491728921929,
      "fisher_matrix": [
        [
          23677.162917327816,
          41202.83687960291,
          1049.4790021975066,
          18.68051061390797,
          -116.46446912098902,
          0.37099093401567695,
          -1914.8276400730338,
          1757.216858266816,
          3529.0878735027914,
          328.2821394744852,
          -60.93201004658643,
          424.80512024418766,
          -1994.1933193601944
        ],
        [
          41202.83687960291,
          78069.60860538197,
          2236.7916661590675,
          143.58267997458526,
          -5.611653926206742,
          -14.07945336882317,
          -1710.760530654836,
          1827.3257146184228,
          6593.062038814465,
          1357.8974143611752,
          -123.52226693139929,
          1777.1208700799832,
          -3578.208383763409
        ],
        [
          1049.4790021975066,
          2236.7916661590675,
          4198.351151168335,
          -89.59572394873159,
          -169.17460679672303,
          -13.43211444572712,
          -1611.8973335345684,
          -969.4298603081793,
          -400.8830053289896,
          -1371.983915493508,
          12.647290699650718,
          -2297.554875482329,
          79.15376791857975
        ],
        [
          18.68051061390797,
          143.58267997458526,
          -89.59572394873159,
          5.904083881796133,
          10.385655188998006,
          0.2671291108881645,
          89.78569739263419,
          7.047180567392333,
          37.922261222648814,
          11.862202667081771,
          -0.8751853640571917,
          46.30583137706219,
          7.92610660307465
        ],
        [
          -116.46446912098902,
          -5.611653926206742,
          -169.17460679672303,
          10.385655188998006,
          21.016456277399318,
          1.3515669268579888,
          191.47613642164177,
          35.51351276805454,
          54.70434686900056,
          36.94478449582945,
          -1.4770688211619745,
          104.45348478181862,
          20.681609178026562
        ],
        [
          0.37099093401567695,
          -14.07945336882317,
          -13.43211444572712,
          0.2671291108881645,
          1.3515669268579888,
          1.4981438086779513,
          12.148498784568513,
          81.60700918423063,
          40.76043853447096,
          15.889822880841194,
          0.4146612660859529,
          37.094568175759974,
          6.374538958023097
        ],
        [
          -1914.8276400730338,
          -1710.760530654836,
          -1611.8973335345684,
          89.78569739263419,
          191.47613642164177,
          12.148498784568513,
          1802.4840218997224,
          264.9082531061677,
          267.37044878974245,
          399.6359174710348,
          -11.675281222133922,
          822.4581226025691,
          183.46385178072916
        ],
        [
          1757.216858266816,
          1827.3257146184228,
          -969.4298603081793,
          7.047180567392333,
          35.51351276805454,
          81.60700918423063,
          264.9082531061677,
          4994.999664962393,
          2525.7254247058167,
          1281.3828567664887,
          26.069498215048377,
          1984.9371817272508,
          52.375114947631346
        ],
        [
          3529.0878735027914,
          6593.062038814465,
          -400.8830053289896,
          37.922261222648814,
          54.70434686900056,
          40.76043853447096,
          267.37044878974245,
          2525.7254247058167,
          2062.5170834989103,
          383.15747814811846,
          2.6227193440664602,
          1553.4730360049184,
          102.47664964869304
        ],
        [
          328.2821394744852,
          1357.8974143611752,
          -1371.983915493508,
          11.862202667081771,
          36.94478449582945,
          15.889822880841194,
          399.6359174710348,
          1281.3828567664887,
          383.15747814811846,
          2244.519505850236,
          -0.4164732994251731,
          1698.0485818882005,
          -662.1760083819647
        ],
        [
          -60.93201004658643,
          -123.52226693139929,
          12.647290699650718,
          -0.8751853640571917,
          -1.4770688211619745,
          0.4146612660859529,
          -11.675281222133922,
          26.069498215048377,
          2.6227193440664602,
          -0.4164732994251731,
          0.7550357302310766,
          -6.166703381981935,
          8.452868433099118
        ],
        [
          424.80512024418766,
          1777.1208700799832,
          -2297.554875482329,
          46.30583137706219,
          104.45348478181862,
          37.094568175759974,
          822.4581226025691,
          1984.9371817272508,
          1553.4730360049184,
          1698.0485818882005,
          -6.166703381981935,
          4282.247670744024,
          194.31880720168326
        ],
        [
          -1994.1933193601944,
          -3578.208383763409,
          79.15376791857975,
          7.92610660307465,
          20.681609178026562,
          6.374538958023097,
          183.46385178072916,
          52.375114947631346,
          102.47664964869304,
          -662.1760083819647,
          8.452868433099118,
          194.31880720168326,
          657.4632797037262
        ]
      ],
      "deff_results": {
        "elastic_13p": {
          "D_eff": 1.7309252529840515,
          "condition_number": 9.327050163162633e+19,
          "eigenvalues": [
            934.8689970303857,
            273.1858084852694,
            59.34452853511506,
            9.913511595883492,
            4.658323807754371,
            1.871337985182185,
            0.01193688634134533,
            0.0005215902180810446,
            1.5741612752964337e-06,
            5.320589884004521e-10,
            6.499383505733747e-13,
            1.002320112657557e-17
          ]
        },
        "elastic_Ay_13p": {
          "D_eff": 1.4344754370244532,
          "condition_number": 6434499077.344108,
          "eigenvalues": [
            101220.15661392533,
            10036.073847467422,
            4541.700604819309,
            2274.728694669808,
            1985.264451718715,
            1648.8354337605147,
            192.98378875955666,
            78.24334222615454,
            38.60578788855005,
            0.038410065582555775,
            0.009496425633342881,
            0.00042891450562410044,
            1.5730852611405577e-05
          ]
        },
        "elastic_sigR_13p": {
          "D_eff": 1.7331420308749397,
          "condition_number": 5497924260476904.0,
          "eigenvalues": [
            934.8719378478495,
            274.05539702708614,
            59.57907535187391,
            9.920130928453606,
            4.6891293302078285,
            1.8914736507061607,
            0.012032222753349971,
            0.0014308888889297956,
            1.728170034284193e-05,
            2.2255204701885604e-07,
            9.9194695074693e-12,
            1.7004089062637548e-13
          ]
        },
        "elastic_Ay_sigR_13p": {
          "D_eff": 1.4344968913093918,
          "condition_number": 6382579971.933071,
          "eigenvalues": [
            101220.32909328205,
            10036.201146135394,
            4542.1577597625455,
            2274.900501204314,
            1985.334459964618,
            1648.9523007833386,
            192.98998811971362,
            78.24501376259079,
            38.647886460288625,
            0.03845081219406769,
            0.009496432919880445,
            0.00046105434359979295,
            1.5858842276695482e-05
          ]
        },
        "all_13p": {
          "D_eff": 1.434509754510857,
          "condition_number": 6353081785.3939295,
          "eigenvalues": [
            101220.45494515766,
            10036.229607442663,
            4542.429440931406,
            2275.0803096969908,
            1985.3364413403733,
            1649.026136349091,
            193.00973035398258,
            78.26190484600502,
            38.65056398472985,
            0.03848596080586934,
            0.009558153514178228,
            0.0004800854248906457,
            1.5932496757379832e-05
          ]
        },
        "elastic_11p": {
          "D_eff": 1.724116787138402,
          "condition_number": 7.476524534553314e+16,
          "eigenvalues": [
            933.5523710646705,
            272.5457169947355,
            58.994732828308585,
            8.946550250880316,
            3.601245224351378,
            1.7480824273780078,
            0.0008211294064438837,
            0.00015044046063712667,
            9.36241704554934e-08,
            5.0146131639322034e-12,
            1.2486448305629025e-14
          ]
        },
        "all_11p": {
          "D_eff": 1.3323284030889706,
          "condition_number": 4503025400.907454,
          "eigenvalues": [
            101018.63130763348,
            7574.229849450931,
            4354.894552790588,
            2082.4980806123012,
            1673.9549361614909,
            318.2687606621117,
            55.94133673074134,
            0.34465065576571347,
            0.051017950782099926,
            0.0021547058254621472,
            2.2433502437555896e-05
          ]
        },
        "elastic_9p": {
          "D_eff": 1.7221558035114148,
          "condition_number": 16936824553.724154,
          "eigenvalues": [
            932.7736579320318,
            272.4330401970027,
            58.99465335504003,
            8.822291555424085,
            3.118610191396404,
            1.4947716725797104,
            0.00016110168572529935,
            1.6606947838916176e-07,
            5.507370374967537e-08
          ]
        },
        "all_9p": {
          "D_eff": 1.2837941839313005,
          "condition_number": 3518863859.997317,
          "eigenvalues": [
            100999.56961902905,
            6956.845463380752,
            4230.118824235101,
            2079.1970126579954,
            340.0769684944821,
            227.36763131453486,
            0.34735868188640656,
            0.019221710905900323,
            2.8702323715105608e-05
          ]
        }
      },
      "sigma_T": 1527.1502542339467
    },
    {
      "projectile": "n",
      "nucleus": "12C",
      "A": 12,
      "Z": 6,
      "E": 20,
      "params": [
        46.93948990130577,
        1.1268252397979523,
        0.6760155999999999,
        1.8256455742066067,
        1.1268252397979523,
        0.6760155999999999,
        7.158468627133141,
        1.3061125585110593,
        0.5426128,
        5.263937570741342,
        -0.11190889829785805,
        0.9027967196578073,
        0.59
      ],
      "sigma_R": 640.9318101737224,
      "fisher_matrix": [
        [
          17771.92664329128,
          21950.638701209704,
          -754.0409681975088,
          -255.48590567758345,
          -777.9523341066229,
          -115.35005578761564,
          -3715.3195388880836,
          -2013.5098535062532,
          258.6238075443307,
          -1306.0750753698412,
          -161.86614216193078,
          6767.425624938531,
          3511.002612413041
        ],
        [
          21950.638701209704,
          59584.466188157516,
          27394.911353574687,
          240.1330987988713,
          505.73104597442506,
          248.1077756259257,
          1563.0716206725224,
          11552.52627959404,
          7900.311622853602,
          3342.148851309774,
          26.81559190531425,
          1807.7555021497988,
          -822.0363776060242
        ],
        [
          -754.0409681975088,
          27394.911353574687,
          25554.387165198383,
          472.1468516030997,
          1245.7825291650192,
          315.0699302323839,
          5157.256743464721,
          10717.368308534038,
          6241.182876370338,
          4164.736254640038,
          218.46493215361605,
          -5708.899617330175,
          -4381.1688508766065
        ],
        [
          -255.48590567758345,
          240.1330987988713,
          472.1468516030997,
          23.666069549009183,
          60.75120349423245,
          17.857879447127495,
          273.3457865041302,
          678.8374116457927,
          264.1490733770431,
          65.47100797958262,
          5.237224813780298,
          -197.9384613590661,
          -140.92646201926897
        ],
        [
          -777.9523341066229,
          505.73104597442506,
          1245.7825291650192,
          60.75120349423245,
          160.6312456602403,
          45.38605080932551,
          727.3556984145463,
          1712.5821977346636,
          647.9020018418728,
          180.25857556214874,
          13.671538589082722,
          -624.1907535102055,
          -411.0915543508537
        ],
        [
          -115.35005578761564,
          248.1077756259257,
          315.0699302323839,
          17.857879447127495,
          45.38605080932551,
          16.356270206419776,
          206.34863822782197,
          649.3499153062414,
          248.92264906513907,
          70.48021913067404,
          3.058985320457224,
          -63.162814405719736,
          -77.67593590715995
        ],
        [
          -3715.3195388880836,
          1563.0716206725224,
          5157.256743464721,
          273.3457865041302,
          727.3556984145463,
          206.34863822782197,
          3315.758336463559,
          7849.309707160404,
          2874.940516608375,
          753.783061210403,
          57.76593643898607,
          -2868.7401982396723,
          -1866.820197227657
        ],
        [
          -2013.5098535062532,
          11552.52627959404,
          10717.368308534038,
          678.8374116457927,
          1712.5821977346636,
          649.3499153062414,
          7849.309707160404,
          26977.545293867137,
          10096.03693851137,
          2367.0720639652973,
          79.3159979608916,
          -1336.1009144670643,
          -2397.3673033143314
        ],
        [
          258.6238075443307,
          7900.311622853602,
          6241.182876370338,
          264.1490733770431,
          647.9020018418728,
          248.92264906513907,
          2874.940516608375,
          10096.03693851137,
          4203.578177302685,
          1285.1484469651264,
          47.47211552496509,
          -138.1152244645878,
          -841.4926080034488
        ],
        [
          -1306.0750753698412,
          3342.148851309774,
          4164.736254640038,
          65.47100797958262,
          180.25857556214874,
          70.48021913067404,
          753.783061210403,
          2367.0720639652973,
          1285.1484469651264,
          1828.2441151053627,
          59.57740067693449,
          -289.8131715284711,
          -736.9639503298282
        ],
        [
          -161.86614216193078,
          26.81559190531425,
          218.46493215361605,
          5.237224813780298,
          13.671538589082722,
          3.058985320457224,
          57.76593643898607,
          79.3159979608916,
          47.47211552496509,
          59.57740067693449,
          3.9619831359599864,
          -68.6775294480054,
          -52.90902823850813
        ],
        [
          6767.425624938531,
          1807.7555021497988,
          -5708.899617330175,
          -197.9384613590661,
          -624.1907535102055,
          -63.162814405719736,
          -2868.7401982396723,
          -1336.1009144670643,
          -138.1152244645878,
          -289.8131715284711,
          -68.6775294480054,
          7041.349801604005,
          3458.81786166464
        ],
        [
          3511.002612413041,
          -822.0363776060242,
          -4381.1688508766065,
          -140.92646201926897,
          -411.0915543508537,
          -77.67593590715995,
          -1866.820197227657,
          -2397.3673033143314,
          -841.4926080034488,
          -736.9639503298282,
          -52.90902823850813,
          3458.81786166464,
          2092.7330736194895
        ]
      ],
      "deff_results": {
        "elastic_13p": {
          "D_eff": 1.3146531763438387,
          "condition_number": 7.827391384026008e+17,
          "eigenvalues": [
            2001.4024436796904,
            226.6817951506906,
            44.10956092229716,
            30.628975145383787,
            4.414638548568646,
            2.8091043908386535,
            0.20156384758292742,
            0.026547337486456466,
            0.0002920369004537403,
            4.190813451545442e-05,
            1.1074301900264072e-08,
            2.489726006217895e-12,
            2.5569213873272192e-15
          ]
        },
        "elastic_Ay_13p": {
          "D_eff": 2.3679877419012305,
          "condition_number": 153579154.00318217,
          "eigenvalues": [
            86462.12155769966,
            38394.66369844465,
            18903.424702264958,
            3703.9372825977266,
            875.587790041311,
            126.80169589187044,
            69.05487895000887,
            23.606077596079672,
            12.718971836835735,
            0.10857109257302491,
            0.04094654580344574,
            0.00561358974053722,
            0.000562980842803107
          ]
        },
        "elastic_sigR_13p": {
          "D_eff": 1.316275892050073,
          "condition_number": 2210126348167959.0,
          "eigenvalues": [
            2001.41463625393,
            228.22151739966287,
            44.11684599027073,
            30.669651868872567,
            4.441815041100796,
            2.8170018709791136,
            0.2059525468404043,
            0.026816023188645934,
            0.0002954906610960939,
            6.24435288817629e-05,
            1.826149540502334e-05,
            9.656901819204108e-10,
            9.055657102649192e-13
          ]
        },
        "elastic_Ay_sigR_13p": {
          "D_eff": 2.3679963551269236,
          "condition_number": 151096898.01580977,
          "eigenvalues": [
            86462.86604089219,
            38395.03054139857,
            18903.817976989732,
            3703.9411866895734,
            875.6026670960659,
            126.80525702053495,
            69.10299383450474,
            23.670516533274867,
            12.719063754757505,
            0.10857683834380627,
            0.04099203040766997,
            0.00561443244928531,
            0.0005722345539605008
          ]
        },
        "all_13p": {
          "D_eff": 2.3679886510698616,
          "condition_number": 150828729.73393428,
          "eigenvalues": [
            86463.67123237367,
            38395.06304826788,
            18903.832909793466,
            3703.941678335103,
            875.6036584736305,
            126.80542443983536,
            69.1061042446816,
            23.67851178667926,
            12.744435536436557,
            0.10972599023907076,
            0.041446155752823184,
            0.005614506311357721,
            0.0005732573057195256
          ]
        },
        "elastic_11p": {
          "D_eff": 1.307683194562712,
          "condition_number": 15903439937215.867,
          "eigenvalues": [
            1999.6375451260892,
            224.94301216651274,
            43.955546414401105,
            27.202758594636684,
            4.1345010005001654,
            1.9050398175911454,
            0.07343764297627187,
            0.0008673284047202305,
            9.264528095082977e-05,
            2.3351101695052884e-07,
            1.2573616481844968e-10
          ]
        },
        "all_11p": {
          "D_eff": 2.166680523739136,
          "condition_number": 33544418.576670546,
          "eigenvalues": [
            86380.70154303449,
            35450.55313373455,
            15932.194050221558,
            1276.3592785672179,
            321.8660275314949,
            63.60086643856008,
            14.951695922053663,
            0.15742825039615402,
            0.11042346034282176,
            0.02446566287834913,
            0.0025751139893988354
          ]
        },
        "elastic_9p": {
          "D_eff": 1.3071792267543556,
          "condition_number": 33172725.75034806,
          "eigenvalues": [
            1997.638984812274,
            224.76929746296437,
            43.84676614867562,
            27.158538798104257,
            4.096269355815838,
            1.5995345364735283,
            0.003706760385266863,
            0.0001413796237058121,
            6.02193199270432e-05
          ]
        },
        "all_9p": {
          "D_eff": 2.129022534067269,
          "condition_number": 19923045.3244474,
          "eigenvalues": [
            86078.14407251518,
            35179.58611628436,
            15716.557483805242,
            380.8344294165178,
            189.1680926588722,
            63.55899342991548,
            0.3412483369231475,
            0.12063271768423929,
            0.004320531458455772
          ]
        }
      },
      "sigma_T": 1485.196914377928
    },
    {
      "projectile": "n",
      "nucleus": "12C",
      "A": 12,
      "Z": 6,
      "E": 30,
      "params": [
        43.504637699605674,
        1.1268252397979523,
        0.6760155999999999,
        2.8773412493310415,
        1.1268252397979523,
        0.6760155999999999,
        6.071669338065068,
        1.3061125585110593,
        0.5426128,
        5.057535626325416,
        -0.1907000078641666,
        0.9027967196578073,
        0.59
      ],
      "sigma_R": 527.0404641225631,
      "fisher_matrix": [
        [
          14212.883576800712,
          24217.875067939527,
          3474.505615010212,
          -253.77426545113173,
          -1113.8669533677355,
          -383.34290261575853,
          -3486.8195119560582,
          -7298.388857596021,
          637.1182631092555,
          -1765.621328831476,
          -119.17576438107102,
          747.1863591343999,
          -456.25172136468404
        ],
        [
          24217.875067939527,
          156536.01943300798,
          118554.11005743581,
          1593.212923069263,
          6108.26719407613,
          -58.239212015206355,
          15671.287856830026,
          -12163.628202138701,
          -6234.863790254651,
          8118.700738285073,
          170.13144350232272,
          35.070420217134824,
          -19843.614937599636
        ],
        [
          3474.505615010212,
          118554.11005743581,
          141236.08552473667,
          1002.9332560370609,
          9019.351554200595,
          1973.4362310791926,
          27983.76625568746,
          25649.465411432233,
          -9657.366400340812,
          14955.267429781103,
          68.4889834964475,
          16782.555465536963,
          -24724.875895059628
        ],
        [
          -253.77426545113173,
          1593.212923069263,
          1002.9332560370609,
          102.65755802596033,
          190.40698025692166,
          -8.146628175938622,
          425.05137896336294,
          -25.12508794874769,
          -15.872208456973059,
          -115.23830412070267,
          13.520128268890547,
          -642.9415207322877,
          17.723461804032645
        ],
        [
          -1113.8669533677355,
          6108.26719407613,
          9019.351554200595,
          190.40698025692166,
          909.364432306182,
          193.0278243093374,
          2753.105439924451,
          3509.943989610737,
          -742.1438970459692,
          627.4418893585922,
          1.5147706184543066,
          583.1158639997566,
          -1214.1614189070433
        ],
        [
          -383.34290261575853,
          -58.239212015206355,
          1973.4362310791926,
          -8.146628175938622,
          193.0278243093374,
          109.53417617859633,
          741.450895791027,
          2220.5709949337743,
          -92.50204388814876,
          255.8110853299308,
          -11.146525513656442,
          833.2276556592391,
          -339.48244082697397
        ],
        [
          -3486.8195119560582,
          15671.287856830026,
          27983.76625568746,
          425.05137896336294,
          2753.105439924451,
          741.450895791027,
          8798.547608204615,
          13856.98517180041,
          -2513.3315812408027,
          2157.376175281028,
          -41.81990212118746,
          3737.76101489801,
          -3896.444289894611
        ],
        [
          -7298.388857596021,
          -12163.628202138701,
          25649.465411432233,
          -25.12508794874769,
          3509.943989610737,
          2220.5709949337743,
          13856.98517180041,
          51123.46176324787,
          47.09431756963605,
          2076.788719124373,
          -245.58841245730827,
          13286.249092892744,
          -3001.39508862361
        ],
        [
          637.1182631092555,
          -6234.863790254651,
          -9657.366400340812,
          -15.872208456973059,
          -742.1438970459692,
          -92.50204388814876,
          -2513.3315812408027,
          47.09431756963605,
          2553.9861848346595,
          -628.9531506416726,
          65.17400750038756,
          -1680.1763998075055,
          1282.4314703308814
        ],
        [
          -1765.621328831476,
          8118.700738285073,
          14955.267429781103,
          -115.23830412070267,
          627.4418893585922,
          255.8110853299308,
          2157.376175281028,
          2076.788719124373,
          -628.9531506416726,
          3696.3820896369416,
          64.53341398068744,
          3280.565430378545,
          -4069.413435804131
        ],
        [
          -119.17576438107102,
          170.13144350232272,
          68.4889834964475,
          13.520128268890547,
          1.5147706184543066,
          -11.146525513656442,
          -41.81990212118746,
          -245.58841245730827,
          65.17400750038756,
          64.53341398068744,
          10.781220733495427,
          -175.02920596522068,
          -32.752316176055956
        ],
        [
          747.1863591343999,
          35.070420217134824,
          16782.555465536963,
          -642.9415207322877,
          583.1158639997566,
          833.2276556592391,
          3737.76101489801,
          13286.249092892744,
          -1680.1763998075055,
          3280.565430378545,
          -175.02920596522068,
          13410.132046109304,
          -4097.981547873789
        ],
        [
          -456.25172136468404,
          -19843.614937599636,
          -24724.875895059628,
          17.723461804032645,
          -1214.1614189070433,
          -339.48244082697397,
          -3896.444289894611,
          -3001.39508862361,
          1282.4314703308814,
          -4069.413435804131,
          -32.752316176055956,
          -4097.981547873789,
          5745.152839795924
        ]
      ],
      "deff_results": {
        "elastic_13p": {
          "D_eff": 1.2610960579524888,
          "condition_number": 295992534758429.6,
          "eigenvalues": [
            7697.45684322331,
            528.6696977694573,
            407.841346636973,
            29.864974410622654,
            7.749050897611075,
            3.693367988764118,
            1.2447630847442792,
            0.13504537715534634,
            0.006140911711248531,
            0.00012761180728939294,
            8.603883226400873e-06,
            4.7492123390114684e-08,
            2.6005577638995145e-11
          ]
        },
        "elastic_Ay_13p": {
          "D_eff": 1.8596901568375548,
          "condition_number": 23072937.483662464,
          "eigenvalues": [
            279452.4155659928,
            82094.52157959348,
            19078.504390130198,
            12466.615306935168,
            3562.735066018813,
            976.8288107935849,
            604.488831662854,
            185.45936946610917,
            17.656254602315926,
            1.553293996700889,
            0.4299855573656179,
            0.06240694326141704,
            0.012111696474012817
          ]
        },
        "elastic_sigR_13p": {
          "D_eff": 1.2615007305270223,
          "condition_number": 602363681453.1823,
          "eigenvalues": [
            7697.822079193715,
            529.6318169118351,
            407.86058162031327,
            30.245634579658873,
            7.8043488645384755,
            3.700231021149722,
            1.3310262965193846,
            0.1352004251817841,
            0.0068244589167707126,
            0.0011737356052954717,
            3.258836015638917e-05,
            1.8295138926436692e-06,
            1.277935957331122e-08
          ]
        },
        "elastic_Ay_sigR_13p": {
          "D_eff": 1.8597031703426785,
          "condition_number": 22832787.129201308,
          "eigenvalues": [
            279452.59662715346,
            82094.99773452323,
            19079.09953944749,
            12466.764134246123,
            3562.8865169516016,
            976.9226741470815,
            604.5736023955413,
            185.51074015617044,
            17.74810415294357,
            1.5558158786227716,
            0.43038811057715043,
            0.06244210823573932,
            0.012239092627888425
          ]
        },
        "all_13p": {
          "D_eff": 1.8597050858777848,
          "condition_number": 22568989.9549348,
          "eigenvalues": [
            279453.79866137455,
            82095.00712195743,
            19079.664474920675,
            12466.772295453977,
            3562.912676953856,
            976.9281274138165,
            604.5745103554267,
            185.51913469591247,
            17.74810628770412,
            1.5573438086966325,
            0.4305832201919742,
            0.06303497436238192,
            0.012382202270433058
          ]
        },
        "elastic_11p": {
          "D_eff": 1.2610296659458724,
          "condition_number": 46450320259.25761,
          "eigenvalues": [
            7644.047401075158,
            527.1893641500623,
            407.1567234758703,
            28.672246101097755,
            7.349255301606868,
            1.1877371828138272,
            0.9035891074319291,
            0.01218464030616032,
            0.0027431129890277757,
            1.939471238921755e-06,
            1.6456393321748282e-07
          ]
        },
        "all_11p": {
          "D_eff": 1.7533939000169527,
          "condition_number": 8359542.367363084,
          "eigenvalues": [
            275049.4969258962,
            77568.59046969732,
            18652.574147077143,
            4667.081025562158,
            2822.2644509222964,
            446.1439676342581,
            80.3817033313809,
            2.580076025636681,
            0.48201817410879405,
            0.07588093476257846,
            0.032902458632153235
          ]
        },
        "elastic_9p": {
          "D_eff": 1.2616614513180957,
          "condition_number": 24059107.56729402,
          "eigenvalues": [
            7615.281821994277,
            527.1247752960301,
            407.14562787344715,
            28.560610238220665,
            7.196909694522169,
            1.1531505562502784,
            0.018314112365564385,
            0.003673581514057375,
            0.00031652386942009856
          ]
        },
        "all_9p": {
          "D_eff": 1.7323548697914584,
          "condition_number": 6253329.880676115,
          "eigenvalues": [
            274075.0380581383,
            77270.70328288885,
            17841.93504180679,
            4200.726284736677,
            2034.2206044062818,
            152.3758482255235,
            6.726212224289615,
            0.7710962613843331,
            0.04382865501867703
          ]
        }
      },
      "sigma_T": 1317.9315461923698
    },
    {
      "projectile": "n",
      "nucleus": "12C",
      "A": 12,
      "Z": 6,
      "E": 50,
      "params": [
        37.29951789007481,
        1.1268252397979523,
        0.6760155999999999,
        4.9710248054163015,
        1.1268252397979523,
        0.6760155999999999,
        4.089771228587732,
        1.3061125585110593,
        0.5426128,
        4.668693809093763,
        -0.3930007421468868,
        0.9027967196578073,
        0.59
      ],
      "sigma_R": 387.0631277756894,
      "fisher_matrix": [
        [
          104297.630463301,
          267526.0740782032,
          -41872.723284938904,
          -817.5295750814431,
          -37975.16826594178,
          -25118.33737489324,
          -70343.84400484366,
          -277637.0859311253,
          44317.95003750582,
          22349.16737990235,
          1575.5183612643116,
          7897.09194602625,
          -25763.970664156273
        ],
        [
          267526.0740782032,
          1265966.735461468,
          182311.7937332579,
          28009.57344425959,
          -36617.161782156494,
          -86977.54858635271,
          -140046.16758156542,
          -1072560.6172842972,
          36231.252720696706,
          106040.7927647501,
          1915.4252202137106,
          104981.82006337919,
          -24375.85627643318
        ],
        [
          -41872.723284938904,
          182311.7937332579,
          198912.42381117912,
          18174.061713136864,
          59777.19838016938,
          7059.175542324545,
          73797.69611041306,
          52218.46335241302,
          -65892.31047167466,
          5376.317172458548,
          -3076.3699455938963,
          62939.060152838276,
          55563.304395590676
        ],
        [
          -817.5295750814431,
          28009.57344425959,
          18174.061713136864,
          1875.4572816648931,
          4742.04016781695,
          -246.45701345981678,
          4882.394779118007,
          -6041.160239281748,
          -5068.27834586344,
          1392.9875852844953,
          -253.6827193392059,
          6884.829407599655,
          4638.594339262797
        ],
        [
          -37975.16826594178,
          -36617.161782156494,
          59777.19838016938,
          4742.04016781695,
          26424.87796454421,
          10305.859126753889,
          40810.93510829397,
          113791.94036067805,
          -28415.355768008303,
          -7421.0132670111825,
          -1507.2057133831386,
          18014.46241011797,
          25059.16694724008
        ],
        [
          -25118.33737489324,
          -86977.54858635271,
          7059.175542324545,
          -246.45701345981678,
          10305.859126753889,
          9003.67084276233,
          21636.230051872077,
          110880.751318856,
          -9743.726184842411,
          -9630.42420246279,
          -676.3078054438954,
          1615.908110069712,
          10908.920411583676
        ],
        [
          -70343.84400484366,
          -140046.16758156542,
          73797.69611041306,
          4882.394779118007,
          40810.93510829397,
          21636.230051872077,
          69741.81363566396,
          252318.01359026844,
          -43032.4682988631,
          -19624.49295995228,
          -2445.1390989745796,
          20673.000297182163,
          40461.205446736116
        ],
        [
          -277637.0859311253,
          -1072560.6172842972,
          52218.46335241302,
          -6041.160239281748,
          113791.94036067805,
          110880.751318856,
          252318.01359026844,
          1402671.3774065825,
          -98443.74810560697,
          -123868.89274240591,
          -8017.433128975448,
          19986.43178693548,
          132186.59965919383
        ],
        [
          44317.95003750582,
          36231.252720696706,
          -65892.31047167466,
          -5068.27834586344,
          -28415.355768008303,
          -9743.726184842411,
          -43032.4682988631,
          -98443.74810560697,
          36223.918079655996,
          7892.452084059357,
          1553.528195028897,
          -11263.706264936316,
          -26341.951630035554
        ],
        [
          22349.16737990235,
          106040.7927647501,
          5376.317172458548,
          1392.9875852844953,
          -7421.0132670111825,
          -9630.42420246279,
          -19624.49295995228,
          -123868.89274240591,
          7892.452084059357,
          13903.403160358095,
          643.7866769256196,
          5246.332295798995,
          -10756.868391759643
        ],
        [
          1575.5183612643116,
          1915.4252202137106,
          -3076.3699455938963,
          -253.6827193392059,
          -1507.2057133831386,
          -676.3078054438954,
          -2445.1390989745796,
          -8017.433128975448,
          1553.528195028897,
          643.7866769256196,
          141.3492953061362,
          -1759.6661568489042,
          -1943.3447933944858
        ],
        [
          7897.09194602625,
          104981.82006337919,
          62939.060152838276,
          6884.829407599655,
          18014.46241011797,
          1615.908110069712,
          20673.000297182163,
          19986.43178693548,
          -11263.706264936316,
          5246.332295798995,
          -1759.6661568489042,
          53645.92602233057,
          25527.28238969484
        ],
        [
          -25763.970664156273,
          -24375.85627643318,
          55563.304395590676,
          4638.594339262797,
          25059.16694724008,
          10908.920411583676,
          40461.205446736116,
          132186.59965919383,
          -26341.951630035554,
          -10756.868391759643,
          -1943.3447933944858,
          25527.28238969484,
          33339.51518090683
        ]
      ],
      "deff_results": {
        "elastic_13p": {
          "D_eff": 2.3367703627454173,
          "condition_number": 75515660647.41275,
          "eigenvalues": [
            2069.604402350712,
            750.0866768118212,
            488.5319035241477,
            113.12897328811987,
            15.850693078480992,
            12.375464468939656,
            1.6413218278228074,
            0.15946784968269206,
            0.03089358135898585,
            0.008464811166606377,
            0.00129050465951723,
            2.1313104517605915e-05,
            2.740629406678731e-08
          ]
        },
        "elastic_Ay_13p": {
          "D_eff": 1.5303102781541016,
