{
  "theta_deg": [
    10.0,
    20.0,
    30.0,
    40.0,
    50.0,
    60.0,
    70.0,
    80.0,
    90.0,
    100.0,
    110.0,
    120.0,
    130.0,
    140.0,
    150.0,
    160.0,
    170.0
  ],
  "param_names": [
    "V",
    "rv",
    "av",
    "W",
    "rw",
    "aw",
    "Wd",
    "rvd",
    "avd",
    "Vso",
    "Wso"
  ],
  "cases": [
    {
      "projectile": "n",
      "nucleus": "40Ca",
      "A": 40,
      "Z": 20,
      "E": 50,
      "params": [
        37.113666243313936,
        1.1853603208928505,
        0.671852,
        4.903318231851357,
        1.1853603208928505,
        0.671852,
        4.152836260125352,
        1.2881937624903488,
        0.537976,
        4.748567924281555,
        -0.38468482411010946
      ],
      "gradients": [
        [
          0.06787148053942592,
          -0.3916355729934309,
          2.6807486474554993,
          2.3062982637224816,
          2.2949710245064185,
          4.04711015346323,
          3.150253225344282,
          4.0816666109304975,
          4.311353779345744,
          3.714484017937194,
          5.66129383031254,
          6.155243208243641,
          4.728875179940665,
          5.58748117165248,
          13.133296215976532,
          6.533326477515686,
          5.897869620934522,
          3.577110829929483,
          9.69237384411202,
          23.635611152680408,
          27.559192243880965,
          11.65285945010484,
          39.897725018829824,
          32.65443553650697,
          -0.7675057961187282,
          -11.027940465747992,
          4.2574121242716645,
          -3.7718492703525675,
          -60.011582726300176,
          -48.97560727200231,
          -28.06419507876264,
          -9.881409327087884,
          -36.49673556707885,
          0.3730182923081249,
          0.0975687285768312,
          0.20370306272690805
        ],
        [
          1.638823695199993,
          -0.2660996561269963,
          6.384161068601109,
          4.060671307415213,
          1.6409746213263359,
          9.385262743183935,
          4.526695007316627,
          5.053365728869037,
          10.39756452577473,
          5.2599854806827935,
          6.475237739001588,
          14.309390135738493,
          8.430310534679426,
          2.188147433074333,
          34.58509463273305,
          23.320503788507626,
          9.723640711459064,
          14.750939511742851,
          34.3754524089879,
          20.094729248397265,
          46.95797158859113,
          -32.29385320017005,
          59.981080377091715,
          43.538199575733536,
          -133.35532971538925,
          -4.447830760673973,
          32.56918009327629,
          -79.39009426809326,
          -124.93696133813422,
          -34.689141540806084,
          -39.53104144401661,
          10.75736628646425,
          -402.5600461287915,
          -253.1725448080537,
          0.3559719144420913,
          1.1823386971338963
        ],
        [
          0.3913507702898217,
          -0.02887898117135811,
          1.6229625691229983,
          -0.14218468288983754,
          -0.590481313302072,
          0.1117997779835345,
          -1.6359192449819027,
          -1.5526779076057402,
          -1.1418821243544437,
          -2.980894789606701,
          -3.6833768475986615,
          -2.23935998573038,
          -3.952017572641875,
          -7.4903872538739105,
          -5.06561444396973,
          -2.0759221278811992,
          -5.193734476670236,
          2.7406488102885036,
          0.831090725603607,
          -2.5781652546278773,
          0.23526719977379204,
          -30.262830237871665,
          -5.717178618354265,
          -20.295403697274672,
          -45.011797725503044,
          7.9685258695832974,
          -7.0034669675828045,
          -8.676553279078718,
          51.918886945013234,
          51.78047156985777,
          28.122766085147965,
          151.71966204354754,
          -22.32652614709433,
          -63.462412194295695,
          0.07093390828221033,
          0.2299385954012858
        ],
        [
          -0.15249071498644512,
          -0.31487955324367,
          -0.5589289338621666,
          -0.31984273729662466,
          -0.5707439328756155,
          -0.40351161870194635,
          -0.42262653643790793,
          -0.6951117195084571,
          -0.4409724822413751,
          -0.574519816283018,
          -0.8996345937936757,
          -0.53555031372278,
          -0.5817433791695378,
          -1.0537556970238346,
          -0.8106489482803503,
          -0.32198040617036305,
          -0.8268867859030452,
          -0.6118368246238344,
          -1.0808223766124494,
          -3.7295947690999904,
          0.08970522654907129,
          -1.9941714462418103,
          -1.3624376296254386,
          1.6037555106818147,
          -3.1033575322838205,
          1.0656911703874987,
          2.1597462820408904,
          -0.5714204364241453,
          1.4920123568288683,
          2.244022018076386,
          -1.8352612114336253,
          0.07030468896940256,
          -3.9277768938407918,
          -5.9012999808513715,
          0.21463338697190845,
          -0.058326442836985834
        ],
        [
          -0.16266062862217312,
          -0.5962186964808448,
          -1.3515368882321677,
          -0.8730155527790204,
          -1.8534385581113109,
          -1.654037584301588,
          -1.738931491834289,
          -2.8833946471202787,
          -2.0597002050033466,
          -2.5434034781625745,
          -3.9774905824088305,
          -2.7846124397630136,
          -2.894468458138524,
          -5.010018494212881,
          -6.484295145340341,
          -2.581511141777863,
          -3.786831442226843,
          -1.301349169272395,
          -0.918056773036811,
          -7.4447189393257265,
          -1.5947720299853512,
          -2.139795418233485,
          -10.660384949643943,
          -3.0013661566978085,
          -5.205683311912772,
          5.8780650411977,
          0.641513033587208,
          7.658735143969234,
          34.832952794905395,
          24.566958146639003,
          4.945006999647431,
          57.38410086739458,
          18.209805787651746,
          -16.059007068975244,
          0.607621503601457,
          -0.010043291669388011
        ],
        [
          0.05817969720516452,
          -0.1013179988149891,
          -0.15212651216488765,
          -0.12149324393599627,
          -0.33540430098504764,
          -0.2191783213037398,
          -0.3143113730686688,
          -0.4346041319788844,
          -0.3449620486499878,
          -0.4459618931852245,
          -0.5532596871032716,
          -0.5136047729894232,
          -0.5709402891885874,
          -0.7376712070794247,
          -1.5141692172027035,
          -0.9101229023647509,
          -0.7303303954586623,
          -0.04103363228161183,
          0.5364375285333891,
          -2.6170509586143087,
          -0.0921339674483009,
          0.5921711971198137,
          -1.6289803821667448,
          -0.36174383595470133,
          2.681230204935788,
          0.15021071740635902,
          -1.7873120237893445,
          5.473966798470639,
          6.026177090914241,
          0.15579431605313349,
          -0.5128375167273713,
          14.70011087202368,
          18.86365529191525,
          7.955219784911889,
          0.1536178517596747,
          0.058021966157678496
        ],
        [
          -0.060015871371476855,
          -0.27709724560685667,
          -0.717975478571562,
          -0.3986698770874269,
          -0.9859233505902109,
          -0.8895048513338142,
          -0.8868902102912827,
          -1.6944141102132813,
          -1.141838134685578,
          -1.4197201641992445,
          -2.4939282681070605,
          -1.7137361904347488,
          -1.75536762749283,
          -3.357646210054261,
          -5.154635880892674,
          -1.7689408188492026,
          -2.264707369926749,
          -0.5947706333128224,
          -0.119788509314947,
          -4.440268591786034,
          -1.070965026869856,
          0.29917216110407024,
          -7.250468601072886,
          -1.7524006723076042,
          0.021786929616333474,
          3.8260063465746694,
          -0.5133471043820373,
          9.40033142025898,
          29.053562070528447,
          17.42336233031827,
          2.7432665800615945,
          59.08030199012222,
          32.332083819300856,
          -2.342999110920285,
          0.3039144296993625,
          0.0055318021149086
        ],
        [
          0.5021080794028538,
          -0.566305779077806,
          -0.9234938853934053,
          -0.29197783186441056,
          -2.84125952447652,
          -0.5547129860434725,
          -1.8576745771581593,
          -3.733545788216817,
          -0.6589139807187567,
          -3.1563703305279733,
          -4.4368978505016194,
          -1.2161840688920778,
          -4.125926763122494,
          -9.0083859894168,
          -17.06153661887761,
          -10.470686261921678,
          -9.588532378726889,
          0.23857186904038358,
          4.9367197502967155,
          -26.331650790714832,
          2.792548010746114,
          7.382027879846339,
          -17.92324421130383,
          11.367063741183163,
          27.971937092026725,
          0.21244870702670968,
          -15.593653420692782,
          88.3925241052382,
          36.29944010577387,
          -59.3870798709543,
          -68.83531050795182,
          234.41838683036917,
          363.80655741147575,
          176.66577130224212,
          0.8830461793636041,
          0.4106022299863429
        ],
        [
          0.01444962478664734,
          -0.4134994661067116,
          -0.5467941338809607,
          -0.5377730658585802,
          -1.1690602206165417,
          -0.5719065230229325,
          -1.1610141483604364,
          -1.0369478625923747,
          -0.7523363939416629,
          -1.4022234691935775,
          -0.6126602667375846,
          -0.4974707758695925,
          -1.2929520145487314,
          -0.5207440140249879,
          1.6873235630772652,
          -2.0699033978415264,
          -2.668435796918498,
          -0.5731102128473294,
          -0.1108156973850481,
          -6.600259877254563,
          0.7723251980229496,
          -4.138377646794589,
          -0.8827309926628946,
          0.9144751665864556,
          -5.349855423990395,
          -1.596728509178728,
          -2.417355744883665,
          0.6198755032913821,
          -23.670748465840315,
          -23.41546650389622,
          -9.47741568164203,
          -53.37251334236533,
          -13.295032846003714,
          8.1821124145115,
          0.4434866369270601,
          0.0747768509656115
        ],
        [
          -0.05417695060372465,
          -0.02477440061469956,
          0.06355916980843064,
          -0.05538066052460145,
          0.14472318266271336,
          0.477343555724322,
          0.22155939203372163,
          0.8312573580863553,
          1.1220799363751255,
          0.7819373471568963,
          1.3546376625820746,
          1.807696628934849,
          1.4325177287145734,
          1.519127466870196,
          3.308072293165966,
          2.3413009145314687,
          1.6334474393329907,
          1.563033704118655,
          4.21387326496811,
          -6.660300490731833,
          -7.861101066641748,
          -7.83617539912194,
          -12.19103796779623,
          -15.830859696390014,
          -8.284904949559062,
          1.9189945907865935,
          -5.808524419790481,
          -1.3654310691239384,
          2.686132054406006,
          2.475446822072791,
          4.367046870585682,
          -6.440859126261579,
          -39.197021066943634,
          -25.108924089411182,
          -0.0012045044674852978,
          -0.02211319236878796
        ],
        [
          0.0049318299249816065,
          0.0038748157234838,
          0.008308854207104099,
          0.014585822287582801,
          0.023183470073635942,
          0.044231866641494595,
          0.052522913075079024,
          0.07462778667348334,
          0.07496761436061865,
          0.09652770106471249,
          0.12253290740484578,
          0.0760193440266366,
          0.09666516180506338,
          0.16564164578946558,
          0.12390842282567409,
          0.026518402738552153,
          0.05375340316582943,
          -0.2962641857800578,
          -0.8524027887749085,
          -1.7809469557108122,
          -1.4558754589966139,
          -2.5536681814837077,
          -0.9950755048184396,
          -1.2788755315825313,
          -1.9127072734946107,
          0.21894318541456254,
          0.1758770865358435,
          -1.050437666300456,
          -0.9407632121834671,
          -0.34251998709914727,
          -0.02993257383769136,
          -4.054295555315039,
          -0.7761074077916597,
          0.7439250941652468,
          -0.002396481730279215,
          0.002979568119848271
        ]
      ],
      "fisher_matrix": [
        [
          13057.56987623337,
          31989.148438183347,
          -8709.663356414478,
          -176.9861498870231,
          -5796.258701678192,
          -1398.2848027106954,
          -5171.980478804882,
          -14543.122307369144,
          3620.137916057754,
          -260.247278608065,
          -50.155552295971326
        ],
        [
          31989.148438183347,
          282844.3851967725,
          23087.42584923532,
          3257.609588897659,
          -9452.585742810945,
          -11321.793119787166,
          -17938.134434170137,
          -201806.96914379147,
          7377.895103882938,
          21246.398584080056,
          394.5343345921173
        ],
        [
          -8709.663356414478,
          23087.42584923532,
          37467.463543815706,
          822.7244633061428,
          13093.656901075325,
          1489.3494424940848,
          11002.865531192407,
          11192.303742723248,
          -10630.722449364353,
          2912.445757272589,
          -508.8215184651922
        ],
        [
          -176.9861498870231,
          3257.609588897659,
          822.7244633061428,
          106.76163345177224,
          217.5852369794678,
          -109.90953271769362,
          8.182815075091497,
          -2407.7952573505454,
          -17.315233646550453,
          333.39209040455734,
          14.675680527013096
        ],
        [
          -5796.258701678192,
          -9452.585742810945,
          13093.656901075325,
          217.5852369794678,
          6183.862994056275,
          1363.578348124574,
          5782.413644396199,
          17839.15965979438,
          -4767.290756958773,
          -277.50088822285295,
          -263.8282988042777
        ],
        [
          -1398.2848027106954,
          -11321.793119787166,
          1489.3494424940848,
          -109.90953271769362,
          1363.578348124574,
          728.4097472620437,
          1733.0526735745789,
          12706.201654557139,
          -1097.287430121407,
          -1010.4902700985989,
          -80.94052533203559
        ],
        [
          -5171.980478804882,
          -17938.134434170137,
          11002.865531192407,
          8.182815075091497,
          5782.413644396199,
          1733.0526735745789,
          5944.700700889946,
          26291.560980520488,
          -4675.190440317252,
          -1351.7744397734316,
          -292.919948932935
        ],
        [
          -14543.122307369144,
          -201806.96914379147,
          11192.303742723248,
          -2407.7952573505454,
          17839.15965979438,
          12706.201654557139,
          26291.560980520488,
          238820.80241243605,
          -14557.924300811652,
          -20794.024272535713,
          -1245.3946998698593
        ],
        [
          3620.137916057754,
          7377.895103882938,
          -10630.722449364353,
          -17.315233646550453,
          -4767.290756958773,
          -1097.287430121407,
          -4675.190440317252,
          -14557.924300811652,
          4415.809224925757,
          604.7092239607609,
          292.6333530260364
        ],
        [
          -260.247278608065,
          21246.398584080056,
          2912.445757272589,
          333.39209040455734,
          -277.50088822285295,
          -1010.4902700985989,
          -1351.7744397734316,
          -20794.024272535713,
          604.7092239607609,
          2967.1148328742674,
          124.1783946955943
        ],
        [
          -50.155552295971326,
          394.5343345921173,
          -508.8215184651922,
          14.675680527013096,
          -263.8282988042777,
          -80.94052533203559,
          -292.919948932935,
          -1245.3946998698593,
          292.6333530260364,
          124.1783946955943,
          38.79231164832116
        ]
      ],
      "n_data": {
        "dcs": 17,
        "Ay": 17,
        "sigma_R": 1,
        "sigma_T": 1,
        "total": 36
      }
    },
    {
      "projectile": "n",
      "nucleus": "208Pb",
      "A": 208,
      "Z": 82,
      "E": 30,
      "params": [
        38.51082475373813,
        1.235477968267492,
        0.6468704,
        2.1346865300939415,
        1.235477968267492,
        0.6468704,
        6.003803110504648,
        1.2484888746314864,
        0.5101552,
        5.6731430620119925,
        -0.14762401749570997
      ],
      "gradients": [
        [
          2.3661789901207113,
          2.615805031086156,
          -7.9379733586915595,
          -1.64324596941616,
          -4.971268546835284,
          1.154182857684574,
          -0.8610567056885977,
          2.880827704808714,
          0.7918747568801544,
          3.8736367547618222,
          1.4184965087732377,
          3.883271069331393,
          2.376852735833421,
          4.073326201826054,
          4.135434590780827,
          -1.3849529572136194,
          3.9357647617698412,
          0.8583709852152087,
          38.44469030280841,
          -338.97077498501375,
          32.63834449634804,
          66.12533647914587,
          53.77636069765066,
          43.569583098817624,
          74.52542258068351,
          57.085161731163474,
          77.94272128247857,
          92.96283201903303,
          24.808292467270455,
          134.42659490628523,
          76.29585931745305,
          75.33157845290573,
          -105.60279107217241,
          60.86801121032774,
          0.019624481321284616,
          0.9235494803127426
        ],
        [
          4.09405550131413,
          -2.7333746516978965,
          -9.504272747425958,
          2.27335578945101,
          -7.034033437389074,
          5.932428920095951,
          -2.722263152726865,
          8.813483439914185,
          -2.344003751428216,
          11.264099373308213,
          -3.3901241949528784,
          10.213032988785583,
          0.2628174303364566,
          7.094634179665198,
          2.7557241860927393,
          -11.038568660449629,
          8.657856899991064,
          -15.289265861262967,
          -15.460845973523375,
          -477.7398914018386,
          176.89552148885033,
          153.15328652467875,
          184.21974460721046,
          92.83945037220852,
          204.83665071805655,
          70.16926041709475,
          124.31167738900535,
          87.49221232783606,
          -241.12874444659022,
          248.61936044985987,
          -115.6486735639171,
          -89.66998594395184,
          146.581495535185,
          -650.5461243232253,
          0.7829604459141482,
          2.1478512166892667
        ],
        [
          0.2653365928691744,
          -2.713443345937237,
          -0.004088964062849792,
          0.11605813613088592,
          0.8723784122561548,
          0.7025635559087383,
          0.7516752154280714,
          0.7367211712806405,
          0.4045683628172395,
          0.8485350537035224,
          -0.014149447396422803,
          0.9803466372604135,
          -0.31911373079053323,
          1.6329330939468742,
          -0.9744106308826139,
          1.8924066003532884,
          -1.4767805161042742,
          1.3306405083189123,
          -18.94767860716129,
          15.919084388631802,
          26.584157042025918,
          -15.100538814192266,
          15.98712212538445,
          -25.141944847554555,
          10.276409968088632,
          -36.90316866716323,
          0.03277866672600031,
          -46.163850878569775,
          -40.7759269490443,
          -35.711580430957035,
          -80.1192605147836,
          -25.481965117816383,
          16.83693933677603,
          -56.67706976829599,
          0.20012280504659805,
          0.22768046279090495
        ],
        [
          -0.03884268167013683,
          -0.6891399867302285,
          0.41244323660129206,
          -0.5774473027929441,
          -0.5081189587905227,
          -0.49355819069639684,
          -0.5261406723564861,
          -0.5007396888569385,
          -0.5163137983239661,
          -0.5542153335079876,
          -0.5074119219345102,
          -0.6449560826187777,
          -0.5366027499438053,
          -0.7407280668510744,
          -0.6765719190886986,
          -0.6062318046472118,
          -0.7382962385539739,
          0.5665435457646688,
          -1.5232533143511493,
          -11.589408036856337,
          -0.12452206309854219,
          2.7335055988094346,
          -1.532539638043629,
          2.032550329670128,
          -2.9224164802806967,
          1.54528622277957,
          -5.013658568059261,
          0.8570512848820692,
          -5.4485517093114115,
          -0.6368102271572806,
          -0.5377126869367718,
          -6.424290326403534,
          1.6366775557160225,
          -3.632783214744447,
          0.12211864522018524,
          0.004232526069484847
        ],
        [
          -0.0007395781146638706,
          -0.8011559875389094,
          0.3712829413516312,
          -0.7646753686807655,
          -1.2569878253687217,
          -1.1101388263302543,
          -1.5513223138257444,
          -1.5385826424809064,
          -1.7599009909020162,
          -2.0331793747477813,
          -1.9996087491437453,
          -2.410118180338593,
          -2.3708832353575557,
          -2.5280917662571287,
          -3.192077793230313,
          -2.5021456681116416,
          -3.8127145494777435,
          -0.17339078225758522,
          3.9793392477400116,
          -26.43548610084867,
          -0.11799129026134522,
          7.13488077237275,
          -5.1507312549620385,
          8.170499844120751,
          -11.670277607876239,
          9.545135800740438,
          -22.004025067369295,
          4.762552194679792,
          -20.1728966061554,
          -12.879708971621033,
          9.938585837243238,
          -33.55840511024481,
          -3.0602180435375845,
          1.0413123022143445,
          0.27864534050160356,
          0.05163569134409891
        ],
        [
          0.01214957080268394,
          -0.07207921131244759,
          -0.028513958655051505,
          0.08450992673387162,
          -0.07866150250207732,
          0.019586481073752635,
          -0.09845700913043025,
          -0.021115151244908245,
          -0.10838017775975455,
          -0.05378692210928694,
          -0.10934495939725467,
          -0.06892480867701421,
          -0.09681457974459301,
          -0.04527968014575163,
          -0.0817676243122366,
          -0.08440067432865232,
          -0.11104203251558933,
          -0.06074509900090332,
          0.5598641182111286,
          -0.4974142951226964,
          0.12491455369601871,
          0.3016484141758295,
          -0.23160456222365522,
          0.18907130478242515,
          -0.45071629169580557,
          0.4675496072304812,
          -1.1631417115959275,
          0.6551960234042059,
          -1.7099085169341075,
          -0.1946953353539523,
          0.8208228147569645,
          -0.7395038014270291,
          -2.652147709556648,
          3.522378086420768,
          0.029327448580825737,
          0.019232764554573515
        ],
        [
          -0.018638762778298186,
          -0.46655099680833345,
          0.35085296961819873,
          -0.6447798417461572,
          -0.9308845126478293,
          -0.9112915925150618,
          -1.155347580787604,
          -1.249188874967551,
          -1.3009161255206851,
          -1.6494718322888056,
          -1.4779556607579698,
          -1.914765995587908,
          -1.817561640668681,
          -1.9386423683628744,
          -2.6747991829890694,
          -1.8933699521612786,
          -3.371593765214893,
          -0.3487721065410498,
          2.8699904135638667,
          -21.216790648294626,
          -1.4921052415578506,
          6.2595334661304705,
          -5.403967827328435,
          7.819896458159578,
          -11.396065610948988,
          9.118860195597573,
          -20.08352112994947,
          3.9347721863820797,
          -15.108197803663423,
          -13.71286059328125,
          12.055374224951288,
          -30.124016127019612,
          -4.572507963562233,
          7.319796007110525,
          0.18910822688885048,
          0.0188356909853551
        ],
        [
          0.46772751754604275,
          -1.138374095187125,
          1.5340686852802081,
          4.068613433672852,
          -2.384554023901411,
          2.034687291162578,
          -3.544149163941261,
          0.817991020257662,
          -3.8294844926046876,
          -0.5382683888024803,
          -2.908805874481394,
          -1.0672183076815416,
          -0.11084612522032739,
          1.2016655965715999,
          2.209736576183991,
          2.4238278068346464,
          -2.198808217223172,
          -0.6339622450884699,
          29.323617204955376,
          -34.08658465961353,
          -16.707725011346394,
          40.650769692429094,
          -33.227358577806754,
          55.87097526112528,
          -57.65042506573256,
          86.1793890099207,
          -128.63230863641985,
          106.24135989527103,
          -170.60908897296815,
          37.90647121030546,
          63.63635324737698,
          -131.97334599335457,
          -201.23001931525698,
          308.0345585608617,
          0.636510569008107,
          0.5734721194438545
        ],
        [
          0.0701315025709294,
          -1.138387627540489,
          0.17882840160045688,
          -0.3044363443337538,
          -1.2851378441903636,
          -0.6331430267990498,
          -1.60333772598617,
          -0.9991817715132416,
          -1.8692373456615117,
          -1.4137965571055313,
          -2.1100345525235276,
          -1.898177725624183,
          -2.193069837411103,
          -2.2030670261760767,
          -2.017145904567644,
          -2.3257491226772813,
          -1.8575406209953353,
          0.43374015135136734,
          4.929281804452178,
          -21.86994440124675,
          4.200428147021947,
          5.479353479727056,
          -0.2715031712878976,
          4.21461164019421,
          -3.0760486480669686,
          5.6758422820324395,
          -12.66625158487994,
          8.443327080115113,
          -29.0943686719967,
          6.680979521510033,
          -6.876875615574595,
          -19.76548706667432,
          -1.9715083453384723,
          -18.84974526329796,
          0.3207047557597402,
          0.12015132009763654
        ],
        [
          0.035902443910877206,
          0.019197260577992058,
          0.8101992001739795,
          -0.2063033629335041,
          0.12701675364520523,
          -0.23655715053935333,
          -0.06138956749643413,
          -0.22172048037934744,
          -0.36462752293534423,
          -0.0021376861844186017,
          -0.8592690110155026,
          0.4975617271925944,
          -0.7744343100897274,
          0.5837621238287185,
          -0.09539295517008575,
          -0.7002859875485166,
          0.24783487952337005,
          -1.0713451399034166,
          -6.962392192638353,
          -5.7025872465691725,
          4.565510948187311,
          17.556605601230512,
          1.0533068677823567,
          15.459685294831788,
          -4.357418507881424,
          9.027708510521935,
          -2.302256090320383,
          -12.07522704601905,
          17.919874482004715,
          -30.795020309767885,
          43.814838164851395,
          -16.735329757590623,
          -5.921424024691312,
          6.454684521120677,
          -0.015844277701545006,
          0.003111663412193716
        ],
        [
          -0.0006683214783950542,
          0.009934534147814299,
          -0.011828730773171939,
          -0.0009454812258707033,
          -0.012699481559452176,
          -0.001919768045680274,
          -0.013538173012209621,
          0.001904169358290975,
          -0.012081407217493118,
          0.008617087997417215,
          0.0011259271129018544,
          0.016033613119160704,
          0.026114587428163947,
          0.02753751497525496,
          0.03555535308410557,
          0.09410239300272677,
          0.052681826661940455,
          -0.001108841768352603,
          -0.29706349488567424,
          0.5342925558005085,
          -0.7685293064303711,
          -0.49480319957754626,
          -0.9234683807919062,
          -0.9605515986624291,
          -1.137039726663384,
          -1.4467600554926572,
          -1.33439259580731,
          -1.670942030448467,
          -1.6063544442966131,
          -1.0143184203131872,
          -2.142910069024747,
          -0.6884027188625019,
          1.2503081389976987,
          -0.8793852686233783,
          -0.0004636830471317406,
          -0.0007281313313747615
        ]
      ],
      "fisher_matrix": [
        [
          195380.1527777966,
          185375.16549848567,
          -31199.717531787566,
          2454.651086191183,
          4384.457591708548,
          604.6312955463472,
          3496.7449111460583,
          51709.23845306312,
          5344.167409040616,
          1993.550020518885,
          -1344.94894686633
        ],
        [
          185375.16549848567,
          982866.3657916731,
          42998.02000108521,
          9190.480932577999,
          11729.287840495459,
          -2218.3924206918155,
          2713.9989603935965,
          -169111.82810381733,
          34405.3622257128,
          -14228.15565625134,
          -167.89343441424683
        ],
        [
          -31199.717531787566,
          42998.02000108521,
          19558.620387995485,
          281.81502893693124,
          -363.17744880863216,
          -295.04416023607837,
          -1034.4347066767227,
          -29747.6833565854,
          1877.2178076881796,
          -3477.2813823328534,
          491.2767962314348
        ],
        [
          2454.651086191183,
          9190.480932577999,
          281.81502893693124,
          280.72999168170685,
          845.2517994919637,
          12.016389952796958,
          692.7184747629084,
          1939.061636794217,
          722.7088556514667,
          155.2094786226503,
          18.8635926702196
        ],
        [
          4384.457591708548,
          11729.287840495459,
          -363.17744880863216,
          845.2517994919637,
          3470.364064489687,
          142.63839285400502,
          3078.85226396445,
          15732.90278665281,
          2216.053529121114,
          1559.6785587613056,
          40.86366223536626
        ],
        [
          604.6312955463472,
          -2218.3924206918155,
          -295.04416023607837,
          12.016389952796958,
          142.63839285400502,
          26.68796353562579,
          152.2472985452062,
          2401.8570196351075,
          39.05783471093872,
          70.77608402060713,
          -5.089957001754838
        ],
        [
          3496.7449111460583,
          2713.9989603935965,
          -1034.4347066767227,
          692.7184747629084,
          3078.85226396445,
          152.2472985452062,
          2810.5204822233163,
          16132.105614471464,
          1687.9394792865116,
          1711.2508422273768,
          23.694011957120853
        ],
        [
          51709.23845306312,
          -169111.82810381733,
          -29747.6833565854,
          1939.061636794217,
          15732.90278665281,
          2401.8570196351075,
          16132.105614471464,
          234238.92082857632,
          6472.808119107568,
          5452.909587498269,
          -454.2894792516445
        ],
        [
          5344.167409040616,
          34405.3622257128,
          1877.2178076881796,
          722.7088556514667,
          2216.053529121114,
          39.05783471093872,
          1687.9394792865116,
          6472.808119107568,
          2573.272367158549,
          -541.787280676975,
          57.101427874515984
        ],
        [
          1993.550020518885,
          -14228.15565625134,
          -3477.2813823328534,
          155.2094786226503,
          1559.6785587613056,
          70.77608402060713,
          1711.2508422273768,
          5452.909587498269,
          -541.787280676975,
          4452.368848980957,
          -106.91199274703064
        ],
        [
          -1344.94894686633,
          -167.89343441424683,
          491.2767962314348,
          18.8635926702196,
          40.86366223536626,
          -5.089957001754838,
          23.694011957120853,
          -454.2894792516445,
          57.101427874515984,
          -106.91199274703064,
          21.970435529574594
        ]
      ],
      "n_data": {
        "dcs": 17,
        "Ay": 17,
        "sigma_R": 1,
        "sigma_T": 1,
        "total": 36
      }
    },
    {
      "projectile": "p",
      "nucleus": "40Ca",
      "A": 40,
      "Z": 20,
      "E": 50,
      "params": [
        39.71376016241462,
        1.1853603208928505,
        0.671852,
        5.455952227138207,
        1.1853603208928505,
        0.671852,
        4.359936270559172,
        1.2881937624903488,
        0.53952,
        4.793735124206932,
        -0.3584711199597546
      ],
      "gradients": [
        [
          0.8969101805935754,
          -0.33742869005158577,
          2.834852848973276,
          2.956407427334911,
          1.7828836272829016,
          5.04826323122433,
          3.5493824933046447,
          3.3232329093443966,
          5.512991865447233,
          4.061791350414378,
          4.10992054906764,
          8.627354667382141,
          6.008852362869278,
          4.354068742162023,
          4.925700059431756,
          12.625069851898008,
          8.93126039952254,
          6.86510812404055,
          10.526260116361122,
          -34.02469509137367,
          36.06426444299491,
          16.73195369475943,
          15.400628974570433,
          36.452338432840975,
          12.866579693571005,
          -50.92369055808566,
          -11.490553638413743,
          11.144118029575342,
          -81.98762616069185,
          -89.33302909420607,
          -75.6952020864815,
          -96.12451349034748,
          -52.76593901674158,
          -2.1241386863237826,
          0.11203913962990865
        ],
        [
          2.2713661849502103,
          -0.3064149550970429,
          6.339441503541144,
          5.939616707849072,
          -0.4411252257221003,
          12.048703098278967,
          6.737880597880164,
          0.3597208129134822,
          13.348521984323002,
          8.325217477217592,
          0.7728031993087248,
          15.789622019963447,
          14.605217402776114,
          4.3608408293219085,
          -1.2056266129271442,
          42.593388003108494,
          22.25911349169958,
          20.294106388716276,
          37.338251216695824,
          -149.16204941616704,
          67.54280268845068,
          5.949890061004622,
          -55.75714399535396,
          84.5266317212708,
          -80.95946397217094,
          -185.31278421741754,
          37.01556350577154,
          1.332252870895889,
          -292.44878734734135,
          -210.29515283287947,
          -117.85004519720162,
          -16.114529585047702,
          -795.5157339531052,
          -259.3869820390203,
          0.4217458163730891
        ],
        [
          0.08321084358453736,
          -0.20528593382999916,
          2.0594279867727185,
          0.00636572834287357,
          -1.3975838551403446,
          0.7870607566660973,
          -1.4986072047577645,
          -2.9297957395725107,
          -0.5310112167036573,
          -2.4516153182544307,
          -5.019671016241128,
          -3.014032585626494,
          -2.6173894424766395,
          -5.552411617624894,
          -10.85658782527093,
          -3.8569377182421567,
          -3.2672092047984593,
          2.450160322468679,
          2.812143400278133,
          -46.92330459099979,
          4.295368178818907,
          -21.46645414883519,
          -19.662501020022244,
          -10.788257014451851,
          -51.11354187497437,
          -3.6137307509550203,
          8.932296840605442,
          -28.455523924800406,
          34.56011923219408,
          59.180499061817216,
          51.16431736267154,
          59.442596131273525,
          -223.13883495435513,
          -78.51055118997886,
          0.0884818856606037
        ],
        [
          -0.10252546316000963,
          -0.3009590593805374,
          -1.0609945215167997,
          -0.2884035713314978,
          -0.5865184442303946,
          -0.6038400436214,
          -0.3769556424713804,
          -0.7901141103924488,
          -0.608643783576044,
          -0.49834643003281837,
          -0.9341406267888701,
          -0.9495244129221417,
          -0.4765123456251226,
          -0.7547179236748889,
          -1.3194126828449426,
          -0.4264900878541569,
          -0.6705863161669933,
          -0.27920132329124075,
          -1.2312891535583756,
          -9.279291912148066,
          1.122504471099961,
          0.1944101269193514,
          -6.894138097175244,
          3.7328965818000936,
          1.405020638018025,
          -1.5591648704010863,
          4.226078039380651,
          3.0929894281099086,
          4.536088970555907,
          1.538620523195977,
          0.4648419893726885,
          3.17614035928208,
          5.698445966185554,
          -2.5845411147815134,
          0.1997605023203754
        ],
        [
          0.04143479656539482,
          -0.5447687416192305,
          -2.6018659787285614,
          -0.8227271586862818,
          -1.7986935009778204,
          -2.3557992421184197,
          -1.608256780591533,
          -3.0576579279373894,
          -2.6643319926041524,
          -2.252817311982548,
          -3.8899263924884537,
          -4.520142197783126,
          -2.567109065100015,
          -3.5361312533907134,
          -6.936349069381776,
          -5.16146813731322,
          -3.6575992780643265,
          0.32900539574880205,
          -1.3930376915014901,
          -14.992507698706145,
          -0.7017586510451219,
          3.980864895119576,
          -20.37927868519307,
          0.502705839302009,
          5.680712052220834,
          14.863809947022371,
          10.521494702675309,
          1.5654492232132962,
          66.22459887937192,
          44.368941506308836,
          27.059626988281867,
          28.21667762204031,
          24.55623918974692,
          -10.463985847498266,
          0.5834010143676981
        ],
        [
          0.08819905747851567,
          -0.08376458269320569,
          -0.38491447892300934,
          -0.0887806375126827,
          -0.33418758429236867,
          -0.2774277881846286,
          -0.28555245048329875,
          -0.48103429660408364,
          -0.3691646505077356,
          -0.4230733454866412,
          -0.5693138280434,
          -0.6130363957376805,
          -0.5497072938445601,
          -0.6448134558382026,
