{
  "theta_deg": [
    5.0,
    10.0,
    15.0,
    20.0,
    25.0,
    30.0,
    35.0,
    40.0,
    45.0,
    50.0,
    55.0,
    60.0,
    65.0,
    70.0,
    75.0,
    80.0,
    85.0,
    90.0,
    95.0,
    100.0,
    105.0,
    110.0,
    115.0,
    120.0,
    125.0,
    130.0,
    135.0,
    140.0,
    145.0,
    150.0,
    155.0,
    160.0,
    165.0,
    170.0,
    175.0
  ],
  "param_names": [
    "V",
    "rv",
    "av",
    "W",
    "rw",
    "aw",
    "Wd",
    "rvd",
    "avd",
    "Vso",
    "Wso",
    "rvso",
    "avso"
  ],
  "cases": [
    {
      "projectile": "n",
      "nucleus": "40Ca",
      "A": 40,
      "Z": 20,
      "E": 50,
      "params": [
        37.113666243313936,
        1.1853603208928505,
        0.671852,
        4.903318231851357,
        1.1853603208928505,
        0.671852,
        4.152836260125352,
        1.2881937624903488,
        0.537976,
        4.748567924281555,
        -0.38468482411010946,
        0.9962160523376276,
        0.59
      ],
      "gradients": [
        [
          0.18420801092939268,
          0.06787148054486443,
          -0.14032098219241385,
          -0.39163557298963064,
          0.08473257099649742,
          2.680748647593861,
          2.8792760497095307,
          2.3062982636954925,
          1.985823447788335,
          2.294971024491276,
          3.6657966035739378,
          4.047110153378959,
          3.5157473583757173,
          3.1502532252406077,
          3.246513736624444,
          4.081666610639709,
          4.69663523683753,
          4.311353778445688,
          3.853611509643102,
          3.714484018476338,
          4.195980343031864,
          5.661293829352185,
          6.7215565064126,
          6.155243207415117,
          5.304354245466384,
          4.728875181721132,
          4.613122476798616,
          5.587481171956979,
          9.116939965065054,
          13.13329621713634,
          10.139976586504439,
          6.533326477014028,
          5.635069380766493,
          5.897869625957959,
          6.268069498282784,
          1.6384228858266383,
          3.5771108298067342,
          6.245185029637793,
          9.692373844895513,
          6.6344067827118804,
          23.635611153320355,
          34.31910055893967,
          27.559192242084062,
          22.197264224176433,
          11.652859453614624,
          16.64800251812981,
          39.89772502042836,
          37.42976688220342,
          32.65443553473413,
          22.548556433120705,
          -0.7675057877452411,
          -13.8349995520289,
          -11.027940463098075,
          -3.6215290574291106,
          4.257412116145942,
          8.912126107497771,
          -3.771849257392564,
          -43.62252174592666,
          -60.01158275666126,
          -55.25090849993826,
          -48.975607258266436,
          -43.512813013723935,
          -28.064195052827646,
          8.48517072775279,
          -9.881409287933279,
          -31.55227808989599,
          -36.4967353558171,
          -16.880012894586738,
          0.3730180181091281,
          3.90431354444933,
          0.09756872856619805,
          0.20370306272431518
        ],
        [
          2.0968907604639595,
          1.6388236951932642,
          0.8234674968475341,
          -0.26609965612899966,
          0.2693077646734118,
          6.38416106862247,
          6.429350054862674,
          4.060671307331658,
          1.9784119125448838,
          1.6409746213181766,
          6.4868139895064525,
          9.385262742834449,
          7.295755479850328,
          4.526695007206703,
          2.788805436649576,
          5.053365728658456,
          10.104195611867977,
          10.397564525402318,
          7.9829743530759965,
          5.259985479812331,
          3.6717132306304228,
          6.475237738458945,
          12.888045987569011,
          14.309390132642545,
          11.939582623197122,
          8.430310533243421,
          4.555615784148082,
          2.1881474321057457,
          9.755351331107295,
          34.58509461941275,
          38.59096653289415,
          23.320503784638333,
          13.293777968634432,
          9.723640705239383,
          8.937847475170043,
          6.953857202927996,
          14.75093951360827,
          24.37484584230566,
          34.375452408513226,
          13.343743509901344,
          20.09472924865937,
          56.039752454649935,
          46.95797159226393,
          29.232648282057628,
          -32.2938531977258,
          -64.36521649474909,
          59.98108037587084,
          74.18706288477608,
          43.53819958081483,
          -26.513189277606784,
          -133.35532971328962,
          -96.77617824250491,
          -4.447830758551596,
          32.40805122606586,
          32.56918009870824,
          -4.8544338672253575,
          -79.39009426037664,
          -141.8793411179849,
          -124.93696135743323,
          -70.74773357825488,
          -34.689141567786166,
          -32.09822613108537,
          -39.53104145131096,
          50.810984075015384,
          10.75736620716583,
          -244.41241412411645,
          -402.5600462915672,
          -387.8158053020406,
          -253.17254462732885,
          -116.5212812727175,
          0.35597191443827403,
          1.1823386971305105
        ],
        [
          0.5547029604930624,
          0.3913507702911249,
          0.15365236766354526,
          -0.028878981170325748,
          0.4782440826889812,
          1.6229625692409781,
          0.7464778371198998,
          -0.1421846829154753,
          -0.6659021006793476,
          -0.5904813133223374,
          0.3014273779343898,
          0.11179977826278144,
          -0.8371638322357998,
          -1.6359192448226854,
          -2.047191335827421,
          -1.5526779072271089,
          -0.7597593093958424,
          -1.1418821237898344,
          -2.0331760303746536,
          -2.9808947896297147,
          -3.7675142826766064,
          -3.6833768498355064,
          -2.5428580712799924,
          -2.2393599835930424,
          -2.8690543010507343,
          -3.9520175762427154,
          -5.474932582975887,
          -7.490387257854828,
          -8.769406372117261,
          -5.065614450826246,
          -0.9957706451161941,
          -2.0759221321929235,
          -4.042405346291294,
          -5.1937344728925385,
          -5.682268228015155,
          1.471197906679038,
          2.740648810440095,
          3.3021244177638502,
          0.8310907268863309,
          -13.377603361509939,
          -2.5781652538293494,
          5.627046307904634,
          0.2352671977245054,
          -9.571747077735393,
          -30.262830246833477,
          -31.56643897519425,
          -5.717178617296592,
          -8.690351605451507,
          -20.295403702224974,
          -37.18137768330447,
          -45.01179773104823,
          -11.992623064158714,
          7.968525867486827,
          4.686659258147005,
          -7.003466961400159,
          -19.117054344187647,
          -8.676553244905868,
          31.00939999946391,
          51.918886943629516,
          55.8147954676839,
          51.780471531480316,
          40.521185361463615,
          28.122766104238437,
          66.46900618416255,
          151.7196619309326,
          85.30394978981448,
          -22.326526161928022,
          -72.33825450650804,
          -63.46241228302712,
          -33.46987147616979,
          0.07093390828813782,
          0.22993859540147762
        ],
        [
          -0.1293525574755364,
          -0.1524907149882161,
          -0.20297329254784036,
          -0.31487955323534095,
          -0.5531758285243432,
          -0.5589289338246207,
          -0.340009410393335,
          -0.31984273731066637,
          -0.4079951861211286,
          -0.5707439328179378,
          -0.6040272109558414,
          -0.4035116185150964,
          -0.34788177161127215,
          -0.422626536422584,
          -0.5759140274846096,
          -0.6951117196939366,
          -0.5682299859585428,
          -0.44097248204550693,
          -0.4581872110743736,
          -0.5745198158609507,
          -0.762793376711638,
          -0.8996345935218768,
          -0.7377439199025541,
          -0.535550315362819,
          -0.49949092285511143,
          -0.5817433794010067,
          -0.7639071940812252,
          -1.053755691682045,
          -1.2905208938375874,
          -0.8106489518006706,
          -0.18158003107069437,
          -0.32198040269859074,
          -0.6323930950698966,
          -0.8268867832995835,
          -0.9142307604991428,
          -0.297627739829018,
          -0.6118368259550033,
          -0.928739114833104,
          -1.080822375276805,
          -1.2340677772363733,
          -3.7295947694804266,
          -0.5892349295457308,
          0.08970522470397313,
          -0.3020272167454652,
          -1.994171444877624,
          -5.849551334499714,
          -1.3624376285933013,
          1.6427777474760838,
          1.6037555004078108,
          0.045754435115674674,
          -3.1033575105552753,
          -2.5085901397910635,
          1.0656911694493603,
          2.4135933537526117,
          2.159746283119472,
          0.7140329462385075,
          -0.5714204179587309,
          0.6460320101346155,
          1.4920123509685563,
          2.0313377835251556,
          2.2440220158281843,
          1.2761300794557804,
          -1.8352612746195633,
          -3.693545466990263,
          0.07030459437544027,
          -0.3314182306363156,
          -3.927777042718554,
          -7.046974081477328,
          -5.9013000492875545,
          -3.041817948284028,
          0.21463338697397338,
          -0.05832644283741435
        ],
        [
          -0.09872856665708415,
          -0.16266062863285835,
          -0.2993089394604843,
          -0.596218696472084,
          -1.2360607637204695,
          -1.3515368881787626,
          -0.8597906515060535,
          -0.8730155528442896,
          -1.2126803963254498,
          -1.8534385581399309,
          -2.1994583039188966,
          -1.6540375842218713,
          -1.4686730675128934,
          -1.7389314915735743,
          -2.333413738534776,
          -2.883394647062395,
          -2.5256846726690423,
          -2.059700204146065,
          -2.1060270260953664,
          -2.543403478097399,
          -3.3039904163789346,
          -3.9774905805986287,
          -3.5333918681885437,
          -2.7846124374581094,
          -2.608821676619171,
          -2.89446846335343,
          -3.624781440545684,
          -5.010018495564035,
          -6.920947818331767,
          -6.484295154844578,
          -3.374148162166776,
          -2.5815111348305275,
          -3.172843639498593,
          -3.7868314399021323,
          -4.132990823209226,
          -0.6781816683889356,
          -1.301349169118895,
          -1.662949875960116,
          -0.9180567730724074,
          1.096325797966003,
          -7.444718938006688,
          -3.1794546218989286,
          -1.5947720296202725,
          -0.9462301013998347,
          -2.139795415883698,
          -15.831697573771562,
          -10.66038494749381,
          -3.630316665402996,
          -3.0013661642253053,
          -3.6953506557054387,
          -5.205683315990621,
          -0.5336659158224528,
          5.878065038040596,
          4.812227757993726,
          0.6415130354103793,
          -2.391411429223574,
          7.658735119600765,
          30.834268655736498,
          34.83295289299785,
          29.95157946505548,
          24.566958104876118,
          17.144222715273866,
          4.945007014738509,
          7.590461176173643,
          57.38410076065976,
          52.04124077784015,
          18.20980573401687,
          -9.680753623521795,
          -16.059007013390637,
          -9.952238444229515,
          0.6076215035843044,
          -0.010043291678422049
        ],
        [
          0.08975334720935922,
          0.05817969721271423,
          -0.0006220873287941641,
          -0.10131799881151335,
          -0.23943722252249627,
          -0.15212651212301073,
          -0.06403851557916598,
          -0.12149324395317859,
          -0.2245432077990155,
          -0.3354043009904112,
          -0.3192836950263607,
          -0.21917832105446608,
          -0.2386622714119886,
          -0.3143113732956459,
          -0.4013758897150685,
          -0.43460413218588867,
          -0.36763948967815646,
          -0.34496204847252343,
          -0.3837274976994394,
          -0.4459618930931148,
          -0.5143428894243306,
          -0.5532596879978438,
          -0.5272373197791688,
          -0.5136047727023563,
          -0.5354882201927174,
          -0.5709402868843703,
          -0.6214008351717505,
          -0.7376712097408387,
          -1.0684235654657166,
          -1.5141692083709295,
          -1.3067660260187788,
          -0.9101229042706809,
          -0.748248625756375,
          -0.7303303910435869,
          -0.7491699476997645,
          -0.048309082892403446,
          -0.04103363365503867,
          0.10985252365635727,
          0.53643752919721,
          0.23497625361054247,
          -2.617050958379312,
          -0.8937156022983024,
          -0.09213396768681381,
          0.6051964078086318,
          0.5921712004601047,
          -2.1010124926325777,
          -1.6289803788318198,
          -0.9969607776810774,
          -0.36174383879169125,
          1.0893184412593313,
          2.6812302046400984,
          2.1931655941879553,
          0.1502107167935159,
          -1.4292767777894047,
          -1.7873120145241637,
          0.05416536432730397,
          5.4739668106623665,
          8.954633214271665,
          6.026177099994015,
          2.4479339578938513,
          0.15579433023160671,
          -0.8265645795898132,
          -0.5128374718704753,
          2.5264303584828416,
          14.700110958816664,
          20.23687462840873,
          18.86365565732758,
          13.783797858311999,
          7.955219444521396,
          3.477769565016775,
          0.15361785176534842,
          0.05802196615960638
        ],
        [
          -0.0320482112184259,
          -0.06001587137031497,
          -0.12432319361258491,
          -0.2770972456197267,
          -0.6358834402548431,
          -0.7179754784099571,
          -0.41521050780399954,
          -0.39866987712468754,
          -0.5865595312317132,
          -0.985923350609792,
          -1.2399440038774565,
          -0.8895048514318344,
          -0.7355150011794405,
          -0.8868902104199387,
          -1.2809473988821023,
          -1.6944141107888124,
          -1.487102186593285,
          -1.1418381340990045,
          -1.1376027532714175,
          -1.419720163558396,
          -1.9592974356502098,
          -2.493928267499509,
          -2.2467083180185092,
          -1.7137361887225133,
          -1.5655178258957356,
          -1.7553676274638854,
          -2.286747383805467,
          -3.3576462068750166,
          -5.017351248829328,
          -5.15463586318102,
          -2.7726642407096653,
          -1.768940821030232,
          -1.931424669302874,
          -2.2647073740447228,
          -2.477780143925548,
          -0.3166743410027162,
          -0.5947706332599365,
          -0.7021932751293675,
          -0.119788511725033,
          1.2607012817221253,
          -4.440268590353939,
          -2.3316606757955065,
          -1.0709650305728196,
          -0.05181608038644832,
          0.2991721659851657,
          -8.586932469607325,
          -7.25046860353203,
          -2.894917005666168,
          -1.7524006692439438,
          -0.6212080226127477,
          0.021786936726941875,
          1.6099182850147036,
          3.8260063411321705,
          2.232948400466283,
          -0.5133471030475493,
          -1.1012696613504902,
          9.400331424922655,
          27.969859108459094,
          29.053562078945976,
          23.079693911015795,
          17.423362324814523,
          11.157800896530734,
          2.7432666042218985,
          8.915196344002986,
          59.08030223888786,
          59.531080384559075,
          32.33208378706646,
          7.78872575104339,
          -2.342999122361503,
          -2.8876992136111594,
          0.3039144297091772,
          0.005531802118358536
        ],
        [
          0.6667411366027837,
          0.5021080794045524,
          0.1503005737784575,
          -0.5663057790816339,
          -1.73233720993678,
          -0.9234938853571788,
          0.13507905771201772,
          -0.29197783186573456,
          -1.4067718311928552,
          -2.841259524486669,
          -2.4620767687028398,
          -0.554712986379696,
          -0.624394558849294,
          -1.8576745770071073,
          -3.450358826103362,
          -3.733545788756373,
          -1.5180210065217774,
          -0.6589139799569874,
          -1.5660966162543524,
          -3.156370329812728,
          -4.682456019637074,
          -4.4368978511015245,
          -1.9236373455085833,
          -1.2161840698432531,
          -2.376055391884036,
          -4.125926762279291,
          -6.195711029798299,
          -9.008385989995016,
          -13.477945904133398,
          -17.061536622531698,
          -13.938284360467044,
          -10.470686257595373,
          -9.453666972379018,
          -9.588532378730928,
          -9.907794822501966,
          -0.0637574165375752,
          0.23857186935506242,
          1.554529064548398,
          4.936719749986339,
          1.4032313848864193,
          -26.33165079006202,
          -7.325547966524904,
          2.7925480094012634,
          11.239510493874551,
          7.382027879936545,
          -36.151577752472726,
          -17.92324421431494,
          0.3438382925163852,
          11.367063735202205,
          26.08309698972115,
          27.971937088204964,
          16.127333103387876,
          0.2124487044650551,
          -14.792369249248166,
          -15.59365342643726,
          13.788472055685048,
          88.39252413276877,
          108.34271503709822,
          36.299440112978296,
          -24.31586952740317,
          -59.38707985467584,
          -75.3180336082208,
          -68.83531052666962,
          4.935298442445372,
          234.4183867857521,
          368.79371526714556,
          363.80655755743385,
          280.7460937024485,
          176.66577118216333,
          83.24400532197342,
          0.8830461793599976,
          0.41060222998470997
        ],
        [
          0.0930978950965066,
          0.014449624785229265,
          -0.13869243070709988,
          -0.41349946609527655,
          -0.7995125370071746,
          -0.5467941339150263,
          -0.32351120948380935,
          -0.5377730659294818,
          -0.883559875928541,
          -1.169060220709659,
          -0.8876684161781696,
          -0.5719065227738378,
          -0.8088594249011081,
          -1.1610141484854957,
          -1.3564748731168577,
          -1.0369478618679286,
          -0.5639095021288073,
          -0.7523363937844809,
          -1.1427747658165373,
          -1.4022234699109566,
          -1.3068318807682882,
          -0.6126602670200649,
          -0.09933477966597827,
          -0.4974707766433202,
          -1.0159843328751714,
          -1.2929520180913998,
          -1.2094162690136385,
          -0.5207440130858196,
          1.0222846809378459,
          1.6873235616993665,
          -0.47757844818580636,
          -2.069903405085515,
          -2.561993417084424,
          -2.6684357975770103,
          -2.687403418709408,
          -0.3272520404646283,
          -0.573110213171584,
          -0.5861769392100091,
          -0.11081569562802762,
          -1.4800769104830747,
          -6.600259876870796,
          -0.5272935125210284,
          0.7723251975708112,
          0.5588616588734127,
          -4.138377641291584,
          -11.227541668333101,
          -0.8827309886934772,
          1.7450956560447854,
          0.9144751722543293,
          -1.450589046018506,
          -5.349855442175663,
          -2.4331702958122854,
          -1.596728506714588,
          -2.6893732382108726,
          -2.417355739158615,
          -0.06821440179586673,
          0.6198755043812509,
          -12.852954937924897,
          -23.6707484424975,
          -25.25328060077844,
          -23.415466544474498,
          -18.591101148708876,
          -9.477415678583919,
          -10.846913007828325,
          -53.37251334651572,
          -42.373204728299875,
          -13.295032765892241,
          3.7315237710661147,
          8.182112505076462,
          5.383343621034274,
          0.44348663693412427,
          0.07477685096886089
        ],
        [
          -0.05625429364134682,
          -0.054176950601101906,
          -0.04736909400362339,
          -0.0247744006061664,
          0.043879249100076984,
          0.06355916981288243,
          -0.02267811001953015,
          -0.05538066048620866,
          -0.02757493111628393,
          0.1447231826602262,
          0.4867121422214699,
          0.47734355574892423,
          0.30245421851765103,
          0.22155939194865246,
          0.339466002631133,
          0.831257357633881,
          1.2481287340245453,
          1.1220799370945926,
          0.901653797109104,
          0.7819373463887536,
          0.8721915506428275,
          1.3546376641901838,
          1.8539283533428839,
          1.807696629117818,
          1.5937790458279346,
          1.4325177244959948,
          1.3715901665674184,
          1.5191274662139345,
          2.201987016094657,
          3.308072284194087,
          3.1386444771944784,
          2.3413009187058753,
          1.850315528987765,
          1.6334474367426395,
          1.5501589094623076,
          0.7045494096961403,
          1.5630337025965744,
          2.7478712454542578,
          4.2138732645278605,
          3.120357006642094,
          -6.660300489398918,
          -9.558836890401583,
          -7.861101069732701,
          -6.493711838240305,
          -7.836175389897746,
          -10.222087520600683,
          -12.191037965944007,
          -15.101949809238254,
          -15.83085970070952,
          -14.798992923197122,
          -8.284904949818115,
          2.7845923249758537,
          1.9189945858483215,
          -2.626768747877965,
          -5.808524413577488,
          -6.261757121011624,
          -1.365431090452618,
          2.7434557200833876,
          2.68613209716236,
          2.604356440081279,
          2.4754467809349574,
          2.4728103832460935,
          4.367046894530047,
          8.94508958541577,
          -6.4408592396003606,
          -28.906314467821254,
          -39.197021312418755,
          -36.25447208365607,
          -25.108923482624707,
          -12.394302154842505,
          -0.0012045044532666778,
          -0.022113192361094505
        ],
        [
          0.00501866678576852,
          0.004931829927476758,
          0.004644599914952277,
          0.0038748157162787223,
          0.0030958945699578375,
          0.008308854348114389,
          0.012772997291902243,
          0.01458582228673186,
          0.016995856083470075,
          0.023183470105487387,
          0.03658549907212391,
          0.04423186667054049,
          0.046994011514040465,
          0.05252291297831587,
          0.06276064815485337,
          0.07462778648301865,
          0.0758479482989778,
          0.07496761429702577,
          0.08203621287597458,
          0.09652769973838388,
          0.11568636081830982,
          0.12253290781805959,
          0.09596316501178283,
          0.07601934579291225,
          0.07934878088207663,
          0.09666515891338957,
          0.125491635995551,
          0.16564164996122596,
          0.193368722772516,
          0.12390841038561437,
          0.03110432040246966,
          0.02651840582468162,
          0.043678010989578485,
          0.0537534045366687,
          0.05747073850073354,
          -0.1389008388043058,
          -0.29626418563312673,
          -0.5049523594846672,
          -0.8524027877369195,
          -1.5449529324013807,
          -1.7809469545096432,
          -1.3510402949935365,
          -1.4558754615230187,
          -1.9036034512082596,
          -2.5536681817635762,
          -2.224330585521665,
          -0.9950755053676301,
          -0.8566515301156041,
          -1.2788755334837885,
          -1.8939172384402345,
          -1.9127072607296365,
          -0.6209749865613661,
          0.21894318807040106,
          0.3527890070211444,
          0.17587708781315511,
          -0.2629915282966374,
          -1.0504376721611384,
          -1.4056451082983257,
          -0.9407632279169927,
          -0.5634703693970419,
          -0.3425200264904153,
          -0.12932309062389327,
          -0.02993265772170221,
          -1.2960248253633215,
          -4.054295753715039,
          -3.09984594349703,
          -0.7761074861071618,
          0.5423024656174096,
          0.7439251067586916,
          0.44567299074191324,
          -0.002396481737916196,
          0.0029795681175485925
        ],
        [
          0.04931380882526687,
          0.058687691202323596,
          0.0711300702451718,
          0.06794538093620998,
          -0.050111366811975616,
          -0.23911788276943172,
          -0.06958295488721451,
          0.13139108350025822,
          0.35597431101632093,
          0.6042670073229067,
          0.4600558869181067,
          -0.045802952952972376,
          -0.1580133136310959,
          0.0444172591929947,
          0.6147529405079855,
          1.4994231516499055,
          1.4504002738121826,
          0.5744260473211183,
          -0.06891687309335631,
          -0.3093787064439707,
          0.16806667807775993,
          2.0040598323827,
          3.683806741724969,
          3.1864717549639794,
          2.0127988437702675,
          0.9552782313273062,
          0.1826868671563663,
          0.24210568978999866,
          3.020868661876425,
          8.891884646130338,
          9.361059655907884,
          6.660826995712111,
          5.2901224858190865,
          4.947478810438725,
          4.930632531062313,
          -3.4303649402663763,
          -7.336458328487707,
          -12.437349175691628,
          -19.852944456146663,
          -26.920344735785193,
          -12.958896463783713,
          -0.046010655561368186,
          1.265103512905208,
          0.33550778100049916,
          1.2594132266285918,
          6.354803234755088,
          0.5262563775508082,
          2.799522746112874,
          13.32315080853186,
          29.782056148402273,
          44.182289288908585,
          25.79286010408873,
          -6.440079325545911,
          -18.74375527428381,
          -14.516266233179365,
          8.256843745659825,
          48.60403483368137,
          47.68041208491724,
          14.060887463330783,
          -7.133564181794894,
          -20.286255484439263,
          -28.96353651547224,
          -18.06602849263243,
          55.77851131869279,
          109.70414263831347,
          47.386620804572566,
          -27.279649223734637,
          -50.771384426484914,
          -39.74402078025944,
          -20.282985747501154,
          -0.0027385738349735003,
          0.03634515598854045
        ],
        [
          0.028107363776352024,
          0.024948953760302584,
          0.015064124993156682,
          -0.01225357933473343,
          -0.05936521548340565,
          0.034265400180250066,
          0.1435216269004998,
          0.15817784680564093,
          0.11175102628778363,
          -0.05963076858634073,
          -0.3101547098654686,
          -0.2107919607653374,
          -0.03430718160199966,
          0.01927719542390885,
          -0.1484151472904279,
          -0.7308698150990419,
          -1.234517685187659,
          -1.1514510618556337,
          -0.9835048200515354,
          -0.9515640125009188,
          -1.1730790862777094,
          -1.7819555902460467,
          -2.273710650519253,
          -2.2022296928727934,
          -2.0711398745803407,
          -2.1045262888695806,
          -2.366544297138283,
          -2.9407788733040947,
          -3.686154982021856,
          -3.314373196931417,
          -2.0231110836952855,
          -1.7921061851756144,
          -2.0070723790226173,
          -2.1680233078419278,
          -2.234811211522979,
          -2.2521205322849696,
          -4.428819134600591,
          -6.297268258585708,
          -6.830171401486623,
          -1.8210446763991992,
          5.860407823672272,
          0.9251913939149295,
          -3.79945941575884,
          -4.962062471901008,
          0.09539100603232302,
          8.532664697816218,
          10.276438936185535,
          10.184428100869688,
          10.753293712990239,
          13.114579578999605,
          11.706099738118722,
          -0.8115250832552157,
          -3.793116067546398,
          0.2685305162780649,
          5.900254959372483,
          10.695013773551938,
          7.60068200188572,
          -4.130341256564085,
          -11.9248714218112,
          -13.94692563213303,
          -13.65877800651949,
          -14.584773290648814,
          -19.905108007669536,
          -21.196918872452933,
          6.2836870186316895,
          23.94472552884219,
          18.565848087522262,
          6.94058600435643,
          1.2974574042756704,
          -0.09043478241562339,
          0.0024903353831888944,
          0.012773607588051888
        ]
      ],
      "fisher_matrix": [
        [
          25955.720452065383,
          63785.10684020022,
          -17982.960288420298,
          -379.4773212475022,
          -11898.718141161587,
          -2862.3188522785504,
          -10648.932913149849,
          -31178.8267525708,
          7392.58333359652,
          -550.8870366416468,
          -75.70317901412592,
          532.3521498644519,
          3008.6258346889413
        ],
        [
          63785.10684020022,
          563414.9704373024,
          31283.00908333874,
          6614.670293440533,
          -23550.784696102553,
          -23668.707523753103,
          -40851.36705376816,
          -423018.1819016543,
          20181.022368568974,
          42870.31177770255,
          1114.5829036846924,
          15617.170801928045,
          -14699.42007094694
        ],
        [
          -17982.960288420298,
          31283.00908333874,
          64731.8739685407,
          1586.5577775814154,
          23267.01991628421,
          2665.847832187122,
          19218.609344309352,
          18616.700048948212,
          -17519.909047103574,
          5401.74559808892,
          -806.4030849206499,
          26492.23802474807,
          -4590.295291872112
        ],
        [
          -379.4773212475022,
          6614.670293440533,
          1586.5577775814154,
          244.94698201979074,
          505.3651597680423,
          -216.7786859505943,
          55.21884466602941,
          -4658.196360710616,
          -9.837036771074843,
          619.2487275061455,
          29.82200100181187,
          296.9159337229906,
          -144.51697822484473
        ],
        [
          -11898.718141161587,
          -23550.784696102553,
          23267.01991628421,
          505.3651597680423,
          11763.246697390601,
          2658.997920214284,
          10920.063626106046,
          35504.81454607595,
          -8411.895668619161,
          -791.5171087287597,
          -457.6885342463762,
          10264.12405316412,
          -213.73287212879723
        ],
        [
          -2862.3188522785504,
          -23668.707523753103,
          2665.847832187122,
          -216.7786859505943,
          2658.997920214284,
          1453.8658885157138,
          3397.2802915571165,
          25549.107395332576,
          -2046.8269459042085,
          -2064.555594729506,
          -151.21897693492917,
          2101.7637581567883,
          889.0610223412538
        ],
        [
          -10648.932913149849,
          -40851.36705376816,
          19218.609344309352,
          55.21884466602941,
          10920.063626106046,
          3397.2802915571165,
          11242.990493934714,
          52347.70373720917,
          -8326.715471302494,
          -2947.204140996374,
          -517.8251055124686,
          9723.11503044702,
          944.0133277542636
        ],
        [
          -31178.8267525708,
          -423018.1819016543,
          18616.700048948212,
          -4658.196360710616,
          35504.81454607595,
          25549.107395332576,
          52347.70373720917,
          482106.60326206725,
          -27672.890364385792,
          -42723.48484275644,
          -2343.395830789116,
          27930.995660992274,
          22902.248825593353
        ],
        [
          7392.58333359652,
          20181.022368568974,
          -17519.909047103574,
          -9.837036771074843,
          -8411.895668619161,
          -2046.8269459042085,
          -8326.715471302494,
          -27672.890364385792,
          7693.740511634964,
          1473.4459999845342,
          505.45717950214015,
          -8497.222376795617,
          -29.758195405186825
        ],
        [
          -550.8870366416468,
          42870.31177770255,
          5401.74559808892,
          619.2487275061455,
          -791.5171087287597,
          -2064.555594729506,
          -2947.204140996374,
          -42723.48484275644,
          1473.4459999845342,
          6159.859719378625,
          254.51675922927706,
          1454.7840320192183,
          -3237.230636570439
        ],
        [
          -75.70317901412592,
          1114.5829036846924,
          -806.4030849206499,
          29.82200100181187,
          -457.6885342463762,
          -151.21897693492917,
          -517.8251055124686,
          -2343.395830789116,
          505.45717950214015,
          254.51675922927706,
          70.95032113326543,
          -939.4490263652966,
          -146.21086322344416
        ],
        [
          532.3521498644519,
          15617.170801928045,
          26492.23802474807,
          296.9159337229906,
          10264.12405316412,
          2101.7637581567883,
          9723.11503044702,
          27930.995660992274,
          -8497.222376795617,
          1454.7840320192183,
          -939.4490263652966,
          35413.95913348804,
          2123.926117929076
        ],
        [
          3008.6258346889413,
          -14699.42007094694,
          -4590.295291872112,
          -144.51697822484473,
          -213.73287212879723,
          889.0610223412538,
          944.0133277542636,
          22902.248825593353,
          -29.758195405186825,
          -3237.230636570439,
          -146.21086322344416,
          2123.926117929076,
          3812.0508560558146
        ]
      ],
      "n_data": {
        "dcs": 35,
        "Ay": 35,
        "sigma_R": 1,
        "sigma_T": 1,
        "total": 72
      }
    },
    {
      "projectile": "n",
      "nucleus": "208Pb",
      "A": 208,
      "Z": 82,
      "E": 30,
      "params": [
        38.51082475373813,
        1.235477968267492,
        0.6468704,
        2.1346865300939415,
        1.235477968267492,
        0.6468704,
        6.003803110504648,
        1.2484888746314864,
        0.5101552,
        5.6731430620119925,
        -0.14762401749570997,
        1.0762015428442702,
        0.59
      ],
      "gradients": [
        [
          1.9458237107532466,
          2.3661789901362646,
          3.38412117830285,
          2.615805031156083,
          -15.111665436989583,
          -7.937973358504722,
          3.0583228221721885,
          -1.643245969293637,
          -3.656315329408479,
          -4.971268546846211,
          -0.4130115380597945,
          1.1541828576776645,
          -0.04498053940702982,
          -0.86105670555157,
          1.5167158579973734,
          2.8808277047766433,
          1.9376490059483589,
          0.7918747571934585,
          2.1342014200314203,
          3.873636755180338,
          2.842550106485305,
          1.4184965086468857,
          2.5794651978597636,
          3.8832710690948504,
          2.518360065978744,
          2.3768527360589706,
          3.5792216549421,
          4.073326201998167,
          4.211964354173148,
          4.135434590547704,
          2.123548985672728,
          -1.3849529562608403,
          4.091572692398887,
          3.935764760902797,
          1.1483213773803722,
          -0.8473340733726464,
          0.8583709854959101,
          15.066903892179614,
          38.44469030206873,
          114.1659450745299,
          -338.97077497970196,
          -438.08591528384477,
          32.63834450124713,
          71.34289982819222,
          66.12533647957238,
          -45.914488597088585,
          53.77636070113217,
          68.76808623621213,
          43.569583096395036,
          -16.48034471872247,
          74.52542257818567,
          92.1834006025588,
          57.08516171832134,
          -9.923436754948911,
          77.94272128927332,
          118.03650490864628,
          92.96283202807182,
          32.9231696165065,
          24.80829244999668,
          62.124798029286794,
          134.42659487246988,
          144.1683700559022,
          76.29585932984925,
          19.790084208288206,
          75.33157845165488,
          31.284404632391613,
          -105.60279106957542,
          47.363683260048816,
          60.86801113831778,
          27.31515748442763,
          0.019624481279620257,
          0.9235494802928719
        ],
        [
          4.377130167757965,
          4.0940555012981985,
          3.4900133152863924,
          -2.733374651559205,
          -16.30233639773924,
          -9.504272747426983,
          15.02711959258828,
          2.273355789486109,
          -4.198844222314764,
          -7.034033437550656,
          6.123103579378029,
          5.932428920076457,
          0.39217172376090714,
          -2.722263152716299,
          5.445154241162122,
          8.81348344001067,
          3.8827229350776267,
          -2.3440037511018694,
          2.5558561188584803,
          11.26409937345975,
          6.2516719430491445,
          -3.3901241954274464,
          0.20197225881137368,
          10.213032987547338,
          5.889073712317474,
          0.2628174303479181,
          3.605331653327585,
          7.094634178752291,
          2.5143978824407793,
          2.75572418579215,
          0.532252381169869,
          -11.038568660488858,
          -1.4327835959049093,
          8.657856900242411,
          9.495518424345136,
          -7.888235618827665,
          -15.289265860427085,
          -17.283603484530865,
          -15.460845974814008,
          196.1302388764134,
          -477.73989140395145,
          -321.05012995939774,
          176.89552148769215,
          204.1387386145043,
          153.15328652665752,
          -89.03685952863884,
          184.21974460122757,
          211.56312551680523,
          92.83945036978038,
          -146.32306969448499,
          204.83665069890304,
          264.37506814189624,
          70.16926040437002,
          -277.93168110111435,
          124.31167739772384,
          288.01021455010357,
          87.49221232526757,
          -218.15418850852,
          -241.12874444623296,
          67.81437059789081,
          248.6193604538748,
          184.76362857150016,
          -115.64867356993413,
          -218.45656512902562,
          -89.66998591711425,
          -134.9211893768317,
          146.58149553731346,
          167.9647122850746,
          -650.5461243574523,
          -556.2346165762682,
          0.7829604459221496,
          2.1478512166916226
