{
  "method": "numerov_spin_half_extended",
  "nuclei": [
    "12C",
    "16O",
    "27Al",
    "28Si",
    "40Ca",
    "48Ti",
    "56Fe",
    "58Ni",
    "90Zr",
    "120Sn",
    "197Au",
    "208Pb"
  ],
  "A_values": [
    12,
    16,
    27,
    28,
    40,
    48,
    56,
    58,
    90,
    120,
    197,
    208
  ],
  "energies": [
    10,
    20,
    30,
    50,
    100,
    150,
    200
  ],
  "projectiles": [
    "n",
    "p"
  ],
  "param_names": [
    "V",
    "rv",
    "av",
    "W",
    "rw",
    "aw",
    "Wd",
    "rvd",
    "avd",
    "Vso",
    "Wso"
  ],
  "theta_deg": [
    10.0,
    20.0,
    30.0,
    40.0,
    50.0,
    60.0,
    70.0,
    80.0,
    90.0,
    100.0,
    110.0,
    120.0,
    130.0,
    140.0,
    150.0,
    160.0,
    170.0
  ],
  "observable_combinations": [
    "elastic_9p",
    "elastic_11p",
    "elastic_Ay_11p",
    "elastic_sigR_11p",
    "elastic_Ay_sigR_11p",
    "all_11p",
    "all_9p"
  ],
  "data": [
    {
      "projectile": "n",
      "nucleus": "12C",
      "A": 12,
      "Z": 6,
      "E": 10,
      "params": [
        50.599174972962324,
        1.1268252397979523,
        0.6760155999999999,
        0.9093961432627454,
        1.1268252397979523,
        0.6760155999999999,
        7.7870477936289495,
        1.3061125585110593,
        0.5426128,
        5.478762938303695,
        -0.052320591551728336
      ],
      "rvso": 0.9027967196578073,
      "avso": 0.59,
      "sigma_R": 803.7491728962362,
      "fisher_matrix": [
        [
          12179.294182371945,
          21087.881812133408,
          1246.4641162040975,
          -15.131541826261492,
          -85.23302000455575,
          12.917472180595336,
          -1215.170271197269,
          1303.0896890604342,
          1998.4465561657526,
          83.12099185838845,
          -27.597770451539446
        ],
        [
          21087.881812133408,
          39856.12207110365,
          1931.2219126976524,
          46.02052145303872,
          -21.159072440945597,
          15.44400068671982,
          -1034.6109824011783,
          1774.2883732177584,
          3762.236724259524,
          667.936391432863,
          -58.116809116870755
        ],
        [
          1246.4641162040975,
          1931.2219126976524,
          1656.3236008437418,
          -35.32030123878592,
          -64.77932475898568,
          6.701696916386627,
          -624.2490451830911,
          356.8831371737338,
          201.84737803484148,
          -551.9691282948758,
          7.551519238999086
        ],
        [
          -15.131541826261492,
          46.02052145303872,
          -35.32030123878592,
          2.8498597496219507,
          5.01868874383549,
          -0.1762014049547417,
          43.29239734901394,
          -16.643098154701903,
          9.870487039635606,
          3.215763373122125,
          -0.4778357803636446
        ],
        [
          -85.23302000455575,
          -21.159072440945597,
          -64.77932475898568,
          5.01868874383549,
          10.154490322836677,
          0.28352880458531476,
          91.83890945026837,
          -8.039674797943668,
          18.003545396325357,
          13.177085148456325,
          -0.7637817535911736
        ],
        [
          12.917472180595336,
          15.44400068671982,
          6.701696916386627,
          -0.1762014049547417,
          0.28352880458531476,
          0.9535349172009997,
          1.9063384997605777,
          49.00039818273374,
          26.177862412909697,
          5.743963695074531,
          0.2585917239336636
        ],
        [
          -1215.170271197269,
          -1034.6109824011783,
          -624.2490451830911,
          43.29239734901394,
          91.83890945026837,
          1.9063384997605777,
          858.9690662492784,
          -130.13723977198742,
          36.037950521464666,
          148.44555125659463,
          -6.06775646541116
        ],
        [
          1303.0896890604342,
          1774.2883732177584,
          356.8831371737338,
          -16.643098154701903,
          -8.039674797943668,
          49.00039818273374,
          -130.13723977198742,
          2728.4031023022635,
          1461.5966379207953,
          496.3597744484041,
          15.327102600350921
        ],
        [
          1998.4465561657526,
          3762.236724259524,
          201.84737803484148,
          9.870487039635606,
          18.003545396325357,
          26.177862412909697,
          36.037950521464666,
          1461.5966379207953,
          1171.8573840847043,
          131.07103985785972,
          2.410151343256241
        ],
        [
          83.12099185838845,
          667.936391432863,
          -551.9691282948758,
          3.215763373122125,
          13.177085148456325,
          5.743963695074531,
          148.44555125659463,
          496.3597744484041,
          131.07103985785972,
          1107.7013374602936,
          -0.19600526317596512
        ],
        [
          -27.597770451539446,
          -58.116809116870755,
          7.551519238999086,
          -0.4778357803636446,
          -0.7637817535911736,
          0.2585917239336636,
          -6.06775646541116,
          15.327102600350921,
          2.410151343256241,
          -0.19600526317596512,
          0.38043790335330574
        ]
      ],
      "deff_results": {
        "elastic_11p": {
          "D_eff": 1.7653554291297577,
          "condition_number": 7.889031953661846e+16,
          "eigenvalues": [
            427.9144241492416,
            130.90178554080515,
            30.29585381946074,
            4.196283437520381,
            1.7928150885399352,
            0.8545921250753084,
            0.00036792569485061553,
            6.78509382694162e-05,
            4.543402247812302e-08,
            2.108997189758804e-12,
            5.4241689812223014e-15
          ]
        },
        "elastic_Ay_11p": {
          "D_eff": 1.3099931832094192,
          "condition_number": 6399658085.412555,
          "eigenvalues": [
            51867.48729818505,
            3393.4976094396093,
            2350.6177216894284,
            1050.201749909778,
            748.2807757530954,
            137.12805353523882,
            23.750945779578686,
            0.13080753994049393,
            0.027263926642903186,
            0.0009731006729568799,
            8.104727878574063e-06
          ]
        },
        "elastic_sigR_11p": {
          "D_eff": 1.7701191526573408,
          "condition_number": 265355883537070.44,
          "eigenvalues": [
            427.9162949636044,
            131.76718464753336,
            30.54329995923314,
            4.197343839844048,
            1.82618809556208,
            0.8699737675539079,
            0.0013003997510982637,
            9.280054677219811e-05,
            3.2879233073946918e-06,
            1.1129239623708315e-11,
            1.612612802322976e-12
          ]
        },
        "elastic_Ay_sigR_11p": {
          "D_eff": 1.310032251818282,
          "condition_number": 5797802386.591974,
          "eigenvalues": [
            51867.681617180795,
            3394.152812163369,
            2350.6231169978946,
            1050.4763881738552,
            748.2809635148709,
            137.12948709831073,
            23.785179668836083,
            0.13084118833885727,
            0.027277133598514688,
            0.0010066765992433942,
            8.9460933917186e-06
          ]
        },
        "all_11p": {
          "D_eff": 1.3100569913298228,
          "condition_number": 5614635071.694463,
          "eigenvalues": [
            51867.793210439886,
            3394.4821237234814,
            2350.6434249054796,
            1050.6593478693196,
            748.3200581687852,
            137.15552205207445,
            23.796098909991418,
            0.1309003854087205,
            0.02731650502436209,
            0.0010551114805068817,
            9.237963384641935e-06
          ]
        },
        "elastic_9p": {
          "D_eff": 1.7631360979098394,
          "condition_number": 16101826617.57771,
          "eigenvalues": [
            427.6064250253927,
            130.8362980680553,
            30.295515683326272,
            4.153246817107623,
            1.5371850015969275,
            0.7350729359164911,
            7.484075924343483e-05,
            7.275204810542424e-08,
            2.6556392338655054e-08
          ]
        },
        "all_9p": {
          "D_eff": 1.2633247307479987,
          "condition_number": 3935517033.868054,
          "eigenvalues": [
            51859.95620974817,
            3343.42154080325,
            2005.8132023171293,
            991.8616656700625,
            152.71844746037686,
            111.03051949205228,
            0.11490351163721171,
            0.01078976509875278,
            1.3177418815229267e-05
          ]
        }
      },
      "sigma_T": 1527.1502542380872
    },
    {
      "projectile": "n",
      "nucleus": "12C",
      "A": 12,
      "Z": 6,
      "E": 20,
      "params": [
        46.93948990130577,
        1.1268252397979523,
        0.6760155999999999,
        1.8256455742066067,
        1.1268252397979523,
        0.6760155999999999,
        7.158468627133141,
        1.3061125585110593,
        0.5426128,
        5.263937570741342,
        -0.11190889829785805
      ],
      "rvso": 0.9027967196578073,
      "avso": 0.59,
      "sigma_R": 640.9318101758427,
      "fisher_matrix": [
        [
          8853.00387346697,
          10921.431539082732,
          -439.96480996486355,
          -125.58698880078386,
          -385.5906111972123,
          -55.998245277747095,
          -1842.1877298004763,
          -968.6704552844337,
          146.43726867354155,
          -627.9673146751624,
          -80.79981215685652
        ],
        [
          10921.431539082732,
          29663.5972026723,
          13553.284820789611,
          122.8564783768485,
          255.37924739429047,
          126.41296114790651,
          791.4157869478804,
          5784.004321719588,
          3965.614135041966,
          1715.5103973700698,
          13.788346012245992
        ],
        [
          -439.96480996486355,
          13553.284820789611,
          12653.07993001235,
          236.99022019546032,
          623.493888998149,
          157.29360046324177,
          2582.8825794404665,
          5331.343452933584,
          3105.1303399246644,
          2101.2488105747725,
          108.9870745949433
        ],
        [
          -125.58698880078386,
          122.8564783768485,
          236.99022019546032,
          11.894775042647657,
          30.423713049260027,
          9.039233846734117,
          136.6899460948069,
          341.38776186191393,
          133.66034581235652,
          32.43793150813974,
          2.6565947753352646
        ],
        [
          -385.5906111972123,
          255.37924739429047,
          623.493888998149,
          30.423713049260027,
          80.26167627348534,
          22.845789490991976,
          363.08735096266537,
          858.0354631958462,
          325.95421576252556,
          89.14330266555672,
          6.906840940282612
        ],
        [
          -55.998245277747095,
          126.41296114790651,
          157.29360046324177,
          9.039233846734117,
          22.845789490991976,
          8.322044656212366,
          103.71243106083551,
          328.234596536993,
          126.46847658651164,
          35.33113823765966,
          1.562008295781402
        ],
        [
          -1842.1877298004763,
          791.4157869478804,
          2582.8825794404665,
          136.6899460948069,
          363.08735096266537,
          103.71243106083551,
          1653.7175332464008,
          3928.0517990561443,
          1444.3127120344243,
          371.11985737608825,
          29.189520650004944
        ],
        [
          -968.6704552844337,
          5784.004321719588,
          5331.343452933584,
          341.38776186191393,
          858.0354631958462,
          328.234596536993,
          3928.0517990561443,
          13554.606285201056,
          5091.3880706524005,
          1175.5682865164058,
          40.65126436150684
        ],
        [
          146.43726867354155,
          3965.614135041966,
          3105.1303399246644,
          133.66034581235652,
          325.95421576252556,
          126.46847658651164,
          1444.3127120344243,
          5091.3880706524005,
          2128.119244603484,
          645.3673669074968,
          24.202204206122428
        ],
        [
          -627.9673146751624,
          1715.5103973700698,
          2101.2488105747725,
          32.43793150813974,
          89.14330266555672,
          35.33113823765966,
          371.11985737608825,
          1175.5682865164058,
          645.3673669074968,
          913.9962803142023,
          29.895603460835428
        ],
        [
          -80.79981215685652,
          13.788346012245992,
          108.9870745949433,
          2.6565947753352646,
          6.906840940282612,
          1.562008295781402,
          29.189520650004944,
          40.65126436150684,
          24.202204206122428,
          29.895603460835428,
          1.9823305984433135
        ]
      ],
      "deff_results": {
        "elastic_11p": {
          "D_eff": 1.311060100996407,
          "condition_number": 16466301020530.977,
          "eigenvalues": [
            953.1717243266182,
            108.28491004445779,
            22.039455684377224,
            12.292111555984162,
            2.0481101389743475,
            0.9288202165941146,
            0.03390229333812294,
            0.0004015509181256941,
            4.28883203550271e-05,
            1.0467712221050276e-07,
            5.788620790656978e-11
          ]
        },
        "elastic_Ay_11p": {
          "D_eff": 2.172626685818239,
          "condition_number": 40393469.38098166,
          "eigenvalues": [
            42965.92416817034,
            17709.791375556015,
            8023.703857339299,
            635.5379513160375,
            145.88658068495184,
            31.928497699495853,
            7.127151457018583,
            0.08273618956482576,
            0.052385419171786206,
            0.013518332034369201,
            0.0010636849180476649
          ]
        },
        "elastic_sigR_11p": {
          "D_eff": 1.3144627351662133,
          "condition_number": 146605783373.27744,
          "eigenvalues": [
            953.1806016329547,
            109.85074498604105,
            22.045781137715906,
            12.313679022372149,
            2.082538537546366,
            0.9291554029626187,
            0.036134124777079245,
            0.00043674598640860925,
            4.314981991978571e-05,
            8.661353809395993e-06,
            6.501657572444006e-09
          ]
        },
        "elastic_Ay_sigR_11p": {
          "D_eff": 2.172645120378597,
          "condition_number": 39986453.83588891,
          "eigenvalues": [
            42966.672600703234,
            17710.280409776715,
            8023.978183281978,
            635.542305950625,
            145.90911525289738,
            32.022686852788816,
            7.133763809652637,
            0.08273642442875873,
            0.05253002580607098,
            0.013523843727789248,
            0.0010745307092508288
          ]
        },
        "all_11p": {
          "D_eff": 2.1726316238651795,
          "condition_number": 39839521.688509256,
          "eigenvalues": [
            42967.47919915094,
            17710.32323119951,
            8023.983756034502,
            635.5423405746008,
            145.90933347622513,
            32.02667599910768,
            7.165010096033318,
            0.08311471065842177,
            0.0538598246286569,
            0.013576507427552774,
            0.001078513932348336
          ]
        },
        "elastic_9p": {
          "D_eff": 1.3105754805340035,
          "condition_number": 32277050.497328203,
          "eigenvalues": [
            952.165195870994,
            108.2080300701933,
            21.98550895056033,
            12.274043417506903,
            2.0277768355623054,
            0.7777157064384876,
            0.0016846846954973714,
            6.35335161183915e-05,
            2.9499758534312527e-05
          ]
        },
        "all_9p": {
          "D_eff": 2.135222079986512,
          "condition_number": 24503924.156948257,
          "eigenvalues": [
            42809.498913956675,
            17580.853033620395,
            7912.639629758874,
            182.78459651655572,
            88.59417158664502,
            31.99941355714631,
            0.16680842449202485,
            0.06425070745672937,
            0.0017470466623941841
          ]
        }
      },
      "sigma_T": 1485.1969143799977
    },
    {
      "projectile": "n",
      "nucleus": "12C",
      "A": 12,
      "Z": 6,
      "E": 30,
      "params": [
        43.504637699605674,
        1.1268252397979523,
        0.6760155999999999,
        2.8773412493310415,
        1.1268252397979523,
        0.6760155999999999,
        6.071669338065068,
        1.3061125585110593,
        0.5426128,
        5.057535626325416,
        -0.1907000078641666
      ],
      "rvso": 0.9027967196578073,
      "avso": 0.59,
      "sigma_R": 527.0404641237922,
      "fisher_matrix": [
        [
          7190.932124689574,
          11676.9495220694,
          1192.6267799241703,
          -150.0136014140958,
          -645.6880554216231,
          -213.9181165968314,
          -2026.4506934953606,
          -4403.892400155317,
          326.45744931492413,
          -881.5439044544207,
          -57.72287693303721
        ],
        [
          11676.9495220694,
          70006.83483564586,
          51289.59939327254,
          630.5838152050532,
          2331.9292370969397,
          -166.64614092365383,
          5673.94133080579,
          -8778.627955056421,
          -2695.980418539712,
          3451.59049017626,
          95.96364197286658
        ],
        [
          1192.6267799241703,
          51289.59939327254,
          62936.84062727186,
          393.69511255755293,
          3932.4889034871567,
          910.9374956587875,
          12272.196879838095,
          12475.230275669803,
          -4008.0772065461297,
          6802.939366952731,
          50.99239615662643
        ],
        [
          -150.0136014140958,
          630.5838152050532,
          393.69511255755293,
          50.366356833150974,
          92.31719217694675,
          -3.169401091337759,
          210.74310013238963,
          48.32163197366813,
          -13.177302669944613,
          -83.88265190407554,
          6.249411336045963
        ],
        [
          -645.6880554216231,
          2331.9292370969397,
          3932.4889034871567,
          92.31719217694675,
          432.43744920474,
          99.03920417596032,
          1325.7482197533272,
          2025.495706074981,
          -320.7458253355574,
          218.805816621965,
          0.5967680463088714
        ],
        [
          -213.9181165968314,
          -166.64614092365383,
          910.9374956587875,
          -3.169401091337759,
          99.03920417596032,
          58.30279639491331,
          385.33331500574525,
          1263.4455607256157,
          -33.415961936399725,
          103.72290400483662,
          -5.731906667410703
        ],
        [
          -2026.4506934953606,
          5673.94133080579,
          12272.196879838095,
          210.74310013238963,
          1325.7482197533272,
          385.33331500574525,
          4294.123534553631,
          7991.541189278934,
          -1057.9020945714135,
          783.5411135995291,
          -20.728269054408216
        ],
        [
          -4403.892400155317,
          -8778.627955056421,
          12475.230275669803,
          48.32163197366813,
          2025.495706074981,
          1263.4455607256157,
          7991.541189278934,
          30836.20545697741,
          152.61894190146108,
          439.36683883737805,
          -135.45499712406976
        ],
        [
          326.45744931492413,
          -2695.980418539712,
          -4008.0772065461297,
          -13.177302669944613,
          -320.7458253355574,
          -33.415961936399725,
          -1057.9020945714135,
          152.61894190146108,
          1061.6355542890124,
          -282.1438332024201,
          27.16958274394725
        ],
        [
          -881.5439044544207,
          3451.59049017626,
          6802.939366952731,
          -83.88265190407554,
          218.805816621965,
          103.72290400483662,
          783.5411135995291,
          439.36683883737805,
          -282.1438332024201,
          1865.46433054169,
          34.582364143712695
        ],
        [
          -57.72287693303721,
          95.96364197286658,
          50.99239615662643,
          6.249411336045963,
          0.5967680463088714,
          -5.731906667410703,
          -20.728269054408216,
          -135.45499712406976,
          27.16958274394725,
          34.582364143712695,
          5.32240171740974
        ]
      ],
      "deff_results": {
        "elastic_11p": {
          "D_eff": 1.294082060054613,
          "condition_number": 43676747242.59739,
          "eigenvalues": [
            3258.155334813039,
            263.5761448787126,
            183.75244636008097,
            14.393832505509806,
            3.5080822049457394,
            0.5927115900659322,
            0.4350146307906515,
            0.005841296294368452,
            0.0012212619013238434,
            8.366420711929985e-07,
            7.459702337071934e-08
          ]
        },
        "elastic_Ay_11p": {
          "D_eff": 1.917516411290081,
          "condition_number": 8091153.2858481,
          "eigenvalues": [
            120849.46084558222,
            44184.01974383563,
            9784.423860640174,
            2479.0118284273526,
            1184.1268975548226,
            219.93333028552405,
            32.23490781993444,
            1.282062537721814,
            0.22026593798291583,
            0.03151428504340983,
            0.014935999427542052
          ]
        },
        "elastic_sigR_11p": {
          "D_eff": 1.2950266865830833,
          "condition_number": 10752627661.453781,
          "eigenvalues": [
            3258.5323848103058,
            264.5474397713252,
            183.7574090075744,
            14.777234508848657,
            3.5679475290391327,
            0.670624617493723,
            0.4368035266332573,
            0.007030258153490008,
            0.001221696334676433,
            0.00011718814611646775,
            3.030452171697113e-07
          ]
        },
        "elastic_Ay_sigR_11p": {
          "D_eff": 1.9175443646017087,
          "condition_number": 7832888.365711774,
          "eigenvalues": [
            120849.62907938476,
            44184.648023294045,
            9784.937953982362,
            2479.0557245354757,
            1184.4039076899476,
            219.9956900438521,
            32.417697104414216,
            1.2824781288582836,
            0.2202667452584541,
            0.031526272637889784,
            0.01542848862858818
          ]
        },
        "all_11p": {
          "D_eff": 1.9175483283694577,
          "condition_number": 7692709.591966517,
          "eigenvalues": [
            120850.85114851387,
            44184.648033218094,
            9785.489373911589,
            2479.0561299950864,
            1184.4524472595479,
            219.99876687223116,
            32.41773257084799,
            1.2834955001020567,
            0.2205874857087972,
            0.032043002242224096,
            0.01570978986061273
          ]
        },
        "elastic_9p": {
          "D_eff": 1.2947791203585015,
          "condition_number": 21534192.611164708,
          "eigenvalues": [
            3245.7598432015307,
            263.53207059127595,
            183.74987519984163,
            14.33385170975386,
            3.4268972903041925,
            0.5696326209534325,
            0.008791035034354727,
            0.0016772867329312518,
            0.00015072586661636528
          ]
        },
        "all_9p": {
          "D_eff": 1.8916283778324128,
          "condition_number": 5541186.633433571,
          "eigenvalues": [
            120420.83069304212,
            44108.48073691581,
            9226.30640815035,
            2109.4263629284687,
            923.6138619625772,
            75.62081847537682,
            3.026354719800191,
            0.35176770849170136,
            0.021731957188820386
          ]
        }
      },
      "sigma_T": 1317.9315461935685
    },
    {
      "projectile": "n",
      "nucleus": "12C",
      "A": 12,
      "Z": 6,
      "E": 50,
      "params": [
        37.29951789007481,
        1.1268252397979523,
        0.6760155999999999,
        4.9710248054163015,
        1.1268252397979523,
        0.6760155999999999,
        4.089771228587733,
        1.3061125585110593,
        0.5426128,
        4.668693809093764,
        -0.3930007421468868
      ],
      "rvso": 0.9027967196578073,
      "avso": 0.59,
      "sigma_R": 387.06312777619246,
      "fisher_matrix": [
        [
          71226.81056453497,
          148830.86826046818,
          -45543.93774757812,
          -2270.623946174148,
          -29551.147743744797,
          -15801.208347393953,
          -50891.8856381373,
          -167342.76567339548,
          37741.0261009133,
          14275.40059544096,
          1287.3673987150582
        ],
        [
          148830.86826046818,
          576489.5001838992,
          26306.964791072685,
          7999.654683574954,
          -38348.186243105265,
          -45974.142293557896,
          -94885.30512241149,
          -555228.8450762881,
          40646.86518095076,
          52218.474240745825,
          2110.8165325692617
        ],
        [
          -45543.93774757812,
          26306.964791072685,
          93373.60630799548,
          7797.635224545312,
          32494.814891046102,
          5791.135485901381,
          43344.019123689264,
          36330.353053291314,
          -46208.57782464411,
          -2435.1722585995813,
          -1357.723030189864
        ],
        [
          -2270.623946174148,
          7999.654683574954,
          7797.635224545312,
          761.8474303512442,
          2355.4700114848183,
          33.89203471644339,
          2686.40627716271,
          -2373.703416398883,
          -3361.5238858537796,
          270.20153317937513,
          -99.90689626031457
        ],
        [
          -29551.147743744797,
          -38348.186243105265,
          32494.814891046102,
          2355.4700114848183,
          15745.661766401643,
          6171.4034084395025,
          24724.662508249476,
          61763.715251297865,
          -20982.844205453344,
          -5547.990133518904,
          -770.5092885768037
        ],
        [
          -15801.208347393953,
          -45974.142293557896,
          5791.135485901381,
          33.89203471644339,
          6171.4034084395025,
          4575.237912717618,
          12148.387077910591,
          53332.18110188488,
          -7475.3290741711435,
          -5072.378746742698,
          -348.1704597603904
        ],
        [
          -50891.8856381373,
          -94885.30512241149,
          43344.019123689264,
          2686.40627716271,
          24724.662508249476,
          12148.387077910591,
          41690.494301061095,
          130505.24148904449,
          -32335.023788492927,
          -12228.903135095057,
          -1272.188728296729
        ],
        [
          -167342.76567339548,
          -555228.8450762881,
          36330.353053291314,
          -2373.703416398883,
          61763.715251297865,
          53332.18110188488,
          130505.24148904449,
          642532.5832737726,
          -72084.49137278016,
          -62524.50709502745,
          -3676.0798170320318
        ],
        [
          37741.0261009133,
          40646.86518095076,
          -46208.57782464411,
          -3361.5238858537796,
          -20982.844205453344,
          -7475.3290741711435,
          -32335.023788492927,
          -72084.49137278016,
          29437.255873204525,
          7053.8793298025475,
          1047.3743855123917
        ],
        [
          14275.40059544096,
          52218.474240745825,
          -2435.1722585995813,
          270.20153317937513,
          -5547.990133518904,
          -5072.378746742698,
          -12228.903135095057,
          -62524.50709502745,
          7053.8793298025475,
          7229.524428125527,
          396.4007474719466
        ],
        [
          1287.3673987150582,
          2110.8165325692617,
          -1357.723030189864,
          -99.90689626031457,
          -770.5092885768037,
          -348.1704597603904,
          -1272.188728296729,
          -3676.0798170320318,
          1047.3743855123917,
          396.4007474719466,
          61.001285483440085
        ]
      ],
      "deff_results": {
        "elastic_11p": {
          "D_eff": 2.2638000234828954,
          "condition_number": 106904841.7901532,
          "eigenvalues": [
            906.5324262503491,
            306.8912664283747,
            255.4551093977754,
            14.462914260459002,
            5.805418571487494,
            1.21483961803658,
            0.1976013875900872,
            0.035585101916758774,
            0.0031002903424061485,
            0.000857910265309242,
            8.479807004717423e-06
          ]
        },
        "elastic_Ay_11p": {
          "D_eff": 1.3637567072427792,
          "condition_number": 31457351.140112083,
          "eigenvalues": [
            1255800.111714663,
            185545.51094235847,
            38220.680351744166,
            2059.39817609921,
            1025.2722901785908,
            310.86237662770526,
            143.20781411006942,
            9.53376727718325,
            3.4762112570310593,
            0.37984647711814024,
            0.039920720156038814
          ]
        },
        "elastic_sigR_11p": {
          "D_eff": 2.2673743439296787,
          "condition_number": 1324109.4786260654,
          "eigenvalues": [
            906.7529787602425,
            306.89260241896244,
            256.60246942886016,
            14.4630183090323,
            6.049052582569956,
            1.275289167390729,
            0.4456683543293059,
            0.03692725550341411,
            0.008994307654257929,
            0.0010123133175037155,
            0.0006848021205173426
          ]
        },
        "elastic_Ay_sigR_11p": {
          "D_eff": 1.363759464554679,
          "condition_number": 28828253.181324538,
          "eigenvalues": [
            1255800.4517195518,
            185545.5947501238,
            38221.32571939587,
            2059.6468954166858,
            1025.3807416221746,
            310.96837482936957,
            143.5871051452671,
            9.534277029960684,
            3.483264853886434,
            0.38657209962454414,
            0.04356144799411856
          ]
        },
        "all_11p": {
          "D_eff": 1.3637636604610592,
          "condition_number": 28401706.831973385,
          "eigenvalues": [
            1255801.0529594105,
            185546.03688415384,
            38223.28858266846,
            2059.681896904452,
            1025.385950104103,
            310.97092021229207,
            143.64828955237357,
            9.535639932322098,
            3.485039419538076,
            0.39294949996323936,
            0.04421568958474303
          ]
        },
        "elastic_9p": {
          "D_eff": 2.2727797325250343,
          "condition_number": 3308135.356758165,
          "eigenvalues": [
            895.2423226880135,
            306.6684157712844,
            255.416778808784,
            14.44590324519534,
            5.732819697838926,
            0.31440651485838456,
            0.0353623405206651,
            0.015267094213120322,
            0.00027061840769578233
          ]
        },
        "all_9p": {
          "D_eff": 1.3624733938525782,
          "condition_number": 24922405.688342772,
          "eigenvalues": [
            1250115.322771826,
            185513.15199398296,
            37654.259079700656,
            1422.1942100267966,
            967.4494564585015,
            140.40869876562755,
            16.660742287442353,
            3.500500591288379,
            0.05016029906601497
          ]
        }
      },
      "sigma_T": 956.0244333354942
    },
    {
      "projectile": "n",
      "nucleus": "12C",
      "A": 12,
      "Z": 6,
      "E": 100,
      "params": [
        25.547798310485494,
        1.1268252397979523,
        0.6760155999999999,
        8.543764500313499,
        1.1268252397979523,
        0.6760155999999999,
        1.4087049297035144,
        1.3061125585110593,
        0.5426128,
        3.822403198209849,
        -1.0067856332499547
      ],
      "rvso": 0.9027967196578073,
      "avso": 0.59,
      "sigma_R": 241.5869329079375,
      "fisher_matrix": [
        [
          53391.37696007861,
          97023.99410193923,
          17519.759884232735,
          -4532.945706339521,
          -39948.286300448366,
          4942.615385096701,
          -1585.1016481669942,
          139419.39271927663,
          -2139.375842286432,
          -77.69644061241615,
          -7239.043861184689
        ],
        [
          97023.99410193923,
          483035.7563198801,
          368180.38829363196,
          12789.859792834452,
          -13880.233984949926,
          -23953.02119864289,
          8777.860804249065,
          107135.30896042431,
          -76029.2121881242,
          39008.95065671572,
          -41362.99811631296
        ],
        [
          17519.759884232735,
          368180.38829363196,
          431689.3996498324,
          21997.086979880256,
          69977.92071922493,
          -27451.289101704548,
          22286.3234551046,
          -109769.28357735656,
          -111809.90141839077,
          39438.297779483706,
          -40474.78269079215
        ],
        [
          -4532.945706339521,
          12789.859792834452,
          21997.086979880256,
          2313.3516120424747,
          8897.400589268676,
          -1938.7061072441752,
          1968.3573904734258,
          -18958.58856089,
          -8157.1373326298635,
          1269.8940227082787,
          -1473.3166668495899
        ],
        [
          -39948.286300448366,
          -13880.233984949926,
          69977.92071922493,
          8897.400589268676,
          52305.39527131158,
          -5316.574202900041,
          9850.568049861293,
          -122749.45777780958,
          -32374.093769445317,
          2300.7772783476034,
          -2911.777960816241
        ],
        [
          4942.615385096701,
          -23953.02119864289,
          -27451.289101704548,
          -1938.7061072441752,
          -5316.574202900041,
          6739.991806988515,
          1684.6283597058477,
          39288.49151437424,
          -1183.1916824918435,
          -6724.518318872484,
          1204.992278292641
        ],
        [
          -1585.1016481669942,
          8777.860804249065,
          22286.3234551046,
          1968.3573904734258,
          9850.568049861293,
          1684.6283597058477,
          4527.061827828852,
          -421.9181684045534,
          -15266.679731360311,
          -2120.9422699111046,
          -2447.8749660647554
        ],
        [
          139419.39271927663,
          107135.30896042431,
          -109769.28357735656,
          -18958.58856089,
          -122749.45777780958,
          39288.49151437424,
          -421.9181684045534,
          503530.22237542935,
          7064.253867351836,
          -27906.825318950796,
          -6742.352152744985
        ],
        [
          -2139.375842286432,
          -76029.2121881242,
          -111809.90141839077,
          -8157.1373326298635,
          -32374.093769445317,
          -1183.1916824918435,
          -15266.679731360311,
          7064.253867351836,
          58699.301274801255,
          2824.8588712682813,
          11945.877214647675
        ],
        [
          -77.69644061241615,
          39008.95065671572,
          39438.297779483706,
          1269.8940227082787,
          2300.7772783476034,
          -6724.518318872484,
          -2120.9422699111046,
          -27906.825318950796,
          2824.8588712682813,
          9823.51850593424,
          -2759.3569446525116
        ],
        [
          -7239.043861184689,
          -41362.99811631296,
          -40474.78269079215,
          -1473.3166668495899,
          -2911.777960816241,
          1204.992278292641,
          -2447.8749660647554,
          -6742.352152744985,
          11945.877214647675,
          -2759.3569446525116,
          4618.182476822643
        ]
      ],
      "deff_results": {
        "elastic_11p": {
          "D_eff": 2.3176829958472522,
          "condition_number": 837348.00573419,
          "eigenvalues": [
            1426.7633093284937,
            559.3525637075375,
            331.1912901999072,
            61.23629606503697,
            5.056364243953777,
            3.188221513735281,
            1.6404468178932485,
            0.19244381769459953,
            0.10091604982807735,
            0.030678752781202953,
            0.0017039072160654424
          ]
        },
        "elastic_Ay_11p": {
          "D_eff": 2.224339368622048,
          "condition_number": 2527499.0007857815,
          "eigenvalues": [
            869185.5890349625,
            634901.7762055391,
            86633.48623902044,
            13634.953058314215,
            5105.262218494145,
            804.6277087334405,
            267.32303000276227,
            79.80512537300264,
            33.65572021088277,
            21.135405950309487,
            0.34389156583830055
          ]
        },
        "elastic_sigR_11p": {
          "D_eff": 2.3223087814399475,
          "condition_number": 747916.8896009292,
          "eigenvalues": [
            1426.763311928054,
            559.8109596593664,
            331.3359949125614,
            61.357099488831736,
            6.606417747920566,
            3.199337557510936,
            1.7220707390958718,
            0.44424723369646657,
            0.17663621011403552,
            0.03077179938822363,
            0.0019076495420358019
          ]
        },
        "elastic_Ay_sigR_11p": {
          "D_eff": 2.224346564318789,
          "condition_number": 2434148.4629361266,
          "eigenvalues": [
            869185.5982017658,
            634901.8076473183,
            86633.84789469399,
            13634.953608850366,
            5106.143673725217,
            805.6685379498105,
            267.42077690524565,
            79.98025363579053,
            33.69515813841451,
            21.17932576060776,
            0.35707994456235176
          ]
        },
        "all_11p": {
          "D_eff": 2.2243496135656975,
          "condition_number": 2385329.3030961975,
          "eigenvalues": [
            869186.9310738598,
            634902.0262871637,
            86633.89551365195,
            13635.113542978084,
            5106.230162832676,
            806.5290590096259,
            267.4616670724649,
            80.12848452758038,
            33.69778868722626,
            21.18011251475803,
            0.36438865273052257
          ]
        },
        "elastic_9p": {
          "D_eff": 2.2898997860406345,
          "condition_number": 407982.7892371505,
          "eigenvalues": [
            1419.5690851034155,
            538.4315358907745,
            325.516086986822,
