{
  "theta_deg": [
    5.0,
    10.0,
    15.0,
    20.0,
    25.0,
    30.0,
    35.0,
    40.0,
    45.0,
    50.0,
    55.0,
    60.0,
    65.0,
    70.0,
    75.0,
    80.0,
    85.0,
    90.0,
    95.0,
    100.0,
    105.0,
    110.0,
    115.0,
    120.0,
    125.0,
    130.0,
    135.0,
    140.0,
    145.0,
    150.0,
    155.0,
    160.0,
    165.0,
    170.0,
    175.0
  ],
  "param_names": [
    "V",
    "rv",
    "av",
    "W",
    "rw",
    "aw",
    "Wd",
    "rvd",
    "avd",
    "Vso",
    "Wso",
    "rvso",
    "avso"
  ],
  "cases": [
    {
      "projectile": "n",
      "nucleus": "40Ca",
      "A": 40,
      "Z": 20,
      "E": 50,
      "params": [
        37.113666243313936,
        1.1853603208928505,
        0.671852,
        4.903318231851357,
        1.1853603208928505,
        0.671852,
        4.152836260125352,
        1.2881937624903488,
        0.537976,
        4.748567924281555,
        -0.38468482411010946,
        0.9962160523376276,
        0.59
      ],
      "gradients": [
        [
          0.1842079947441691,
          0.06787149911066549,
          -0.14032100588608445,
          -0.3916355470721744,
          0.08473255771686082,
          2.6807486559710783,
          2.879276016819798,
          2.306298307425011,
          1.9858233755198815,
          2.2949711355297797,
          3.6657966516461853,
          4.0471101168710755,
          3.5157474180481123,
          3.150253050241662,
          3.2465138601385566,
          4.081666506872412,
          4.696636140323936,
          4.311353250953946,
          3.853611567476303,
          3.714484469404249,
          4.195978733663665,
          5.661297025774888,
          6.7215551155858195,
          6.155241698676974,
          5.304356573186192,
          4.728871938444717,
          4.613127981044513,
          5.587472306315971,
          9.116948974305934,
          13.13330870689006,
          10.139966224717655,
          6.533328311296112,
          5.635068742025037,
          5.897869566124713,
          6.268070953861753,
          1.6384228489673265,
          3.577110896968427,
          6.245184954444723,
          9.69237387053436,
          6.6344066609821954,
          23.63561112293864,
          34.31910016448399,
          27.559192701988128,
          22.19726335876642,
          11.652863429848319,
          16.647996433268123,
          39.897725352432595,
          37.42976662267028,
          32.65443515142518,
          22.548561260123762,
          -0.7674821455218769,
          -13.83509113197475,
          -11.027853608849096,
          -3.621592998911775,
          4.257457709691363,
          8.912111312072517,
          -3.7719244545869612,
          -43.62235043703089,
          -60.01169232329555,
          -55.25085410744405,
          -48.975650396089755,
          -43.512750642120494,
          -28.06430100239695,
          8.485162468683805,
          -9.881120203400855,
          -31.55233511136206,
          -36.49672820068543,
          -16.880017434875437,
          0.37301869643180385,
          3.9043028799687813,
          0.09756872856227188,
          0.20370306271789174
        ],
        [
          2.096890742440015,
          1.6388237176869065,
          0.8234674626721729,
          -0.26609960897420587,
          0.26930773468009117,
          6.3841610920973455,
          6.4293499728578,
          4.060671420309897,
          1.9784116848152329,
          1.6409751285291259,
          6.486813952943965,
          9.385262616953742,
          7.295755747991003,
          4.5266939730358065,
          2.788806623437948,
          5.0533666244748785,
          10.104199152117392,
          10.397558893960182,
          7.9829798387910715,
          5.259979751024812,
          3.6717168085494585,
          6.475243712930692,
          12.888034283932592,
          14.309394498834454,
          11.939583014562318,
          8.430307489988477,
          4.555624219239982,
          2.1881242475409826,
          9.755401710962364,
          34.58509787604676,
          38.59092706219853,
          23.320510565380978,
          13.293775530799584,
          9.723640428929409,
          8.937859485478214,
          6.9538570794650205,
          14.75093972931577,
          24.374845643679585,
          34.37545235749485,
          13.34374332543004,
          20.09472909975801,
          56.03975156499602,
          46.95797263768832,
          29.23264678738699,
          -32.293843266433534,
          -64.36524070379738,
          59.98108115801092,
          74.18706490640932,
          43.53818724143717,
          -26.513161291791636,
          -133.35522749270487,
          -96.77646437396454,
          -4.4476742195713,
          32.408009825331355,
          32.56912081768389,
          -4.854252920937589,
          -79.3904168117432,
          -141.87890457949902,
          -124.93722507285514,
          -70.74763090626861,
          -34.689168248910704,
          -32.0982571129345,
          -39.531100564762134,
          50.8110681377886,
          10.758287742786607,
          -244.4121128970796,
          -402.56026266131306,
          -387.8157842604615,
          -253.1725466255131,
          -116.52124346426822,
          0.35597191440714165,
          1.1823386970920489
        ],
        [
          0.5547029693317046,
          0.39135076393861307,
          0.15365236773894314,
          -0.028878971908477113,
          0.47824407110034506,
          1.6229625884805405,
          0.7464778201752075,
          -0.14218466569604307,
          -0.6659021472833226,
          -0.5904811956167275,
          0.3014273497569055,
          0.1117997724971593,
          -0.8371637964424528,
          -1.6359195010223853,
          -2.0471909711206475,
          -1.5526776275131702,
          -0.7597585880449979,
          -1.141883866090402,
          -2.0331736537756884,
          -2.980897838079705,
          -3.7675113952345978,
          -3.6833768850122586,
          -2.5428618878086144,
          -2.239355990733797,
          -2.8690575128678693,
          -3.952014364502748,
          -5.4749357624022785,
          -7.490387311238589,
          -8.769394317461467,
          -5.065634024886504,
          -0.9957697617412029,
          -2.07592142663595,
          -4.042405868640516,
          -5.193734586929812,
          -5.682263971358825,
          1.4711978809992554,
          2.7406488400531783,
          3.302124428937204,
          0.8310906453447979,
          -13.377603378054992,
          -2.5781651854116703,
          5.627046038867341,
          0.23526732797698086,
          -9.571747070438498,
          -30.26282843088729,
          -31.566443280924286,
          -5.717178474781148,
          -8.690351387165563,
          -20.29540559503477,
          -37.181373898967735,
          -45.01178542318426,
          -11.992619365005138,
          7.968482817718633,
          4.686714181441065,
          -7.00352744555377,
          -19.117011812589773,
          -8.67651272689359,
          31.009315239870308,
          51.918928644140905,
          55.81477693390383,
          51.78048713336603,
          40.52117103053958,
          28.122704063641518,
          66.46930759215519,
          151.71961591444273,
          85.30405918806586,
          -22.326613786448625,
          -72.33823651369043,
          -63.46241286322015,
          -33.46985842725927,
          0.07093390829208886,
          0.2299385953993353
        ],
        [
          -0.12935255747695118,
          -0.1524907151295389,
          -0.202973292278938,
          -0.31487955295431824,
          -0.5531758301982601,
          -0.5589289352013967,
          -0.3400094110248119,
          -0.319842734262339,
          -0.4079951934716063,
          -0.5707439079946008,
          -0.6040272400857976,
          -0.4035116182927902,
          -0.3478817638086715,
          -0.4226265757565188,
          -0.5759139718659574,
          -0.6951116276446243,
          -0.5682299823794214,
          -0.4409727554389358,
          -0.45818683870744364,
          -0.5745202780629315,
          -0.7627928563034179,
          -0.8996348116562958,
          -0.7377444432181377,
          -0.5355496713810304,
          -0.4994914024415571,
          -0.5817429215313421,
          -0.7639077103561318,
          -1.053755412248103,
          -1.2905198142610188,
          -0.8106510010703463,
          -0.18158027179598235,
          -0.3219802504039526,
          -0.6323931976565673,
          -0.8268867983159768,
          -0.9142300809277835,
          -0.2976277397934157,
          -0.6118368234805359,
          -0.9287391185002399,
          -1.0808223815781994,
          -1.2340677590893616,
          -3.7295947989127165,
          -0.5892349183668026,
          0.08970523428834348,
          -0.30202718443723503,
          -1.994171526573015,
          -5.849552080234299,
          -1.3624375483051177,
          1.6427778240490911,
          1.6037552261168508,
          0.04575460425870759,
          -3.103356583356957,
          -2.508591983481264,
          1.0656884457366234,
          2.413597710531068,
          2.159740999872854,
          0.7140379594912835,
          -0.5714186973091822,
          0.6460256420542931,
          1.4920151009941338,
          2.031335180699238,
          2.244027007015463,
          1.2761192836409827,
          -1.83524818178904,
          -3.6935384543831016,
          0.07031109486947222,
          -0.33142529763237805,
          -3.9277777593971224,
          -7.04697472056574,
          -5.9013001190132615,
          -3.041814747971235,
          0.2146333870212635,
          -0.05832644280920645
        ],
        [
          -0.09872857086306827,
          -0.16266062543468754,
          -0.29930894114723317,
          -0.5962186954671832,
          -1.236060767176916,
          -1.3515368911300085,
          -0.8597906527985066,
          -0.8730155485970736,
          -1.2126804046437814,
          -1.853438512796302,
          -2.199458381932104,
          -1.6540375815950659,
          -1.468673053159436,
          -1.7389315635195834,
          -2.333413625457679,
          -2.883394427518003,
          -2.5256844985901794,
          -2.0597012028243373,
          -2.1060258092122788,
          -2.5434049259247034,
          -3.303988743868649,
          -3.9774913078216074,
          -3.5333938834536314,
          -2.784609831391583,
          -2.608823723342464,
          -2.8944663295908604,
          -3.6247842595919653,
          -5.010015795948394,
          -6.920945366531398,
          -6.484307438688101,
          -3.3741457874417207,
          -2.5815109463167167,
          -3.1728438377238146,
          -3.7868314797702647,
          -4.132989009813821,
          -0.6781816800353543,
          -1.3013491479865054,
          -1.6629499091323081,
          -0.9180567621737181,
          1.096325846683168,
          -7.444719009396897,
          -3.1794545572374115,
          -1.5947720782031698,
          -0.9462298353452487,
          -2.139796625591865,
          -15.831698280796742,
          -10.660384804998905,
          -3.6303165493598946,
          -3.0013658091837536,
          -3.695353085587475,
          -5.205690163049281,
          -0.5336383217835472,
          5.878030161206768,
          4.812256328865136,
          0.6414922924086186,
          -2.391412109251645,
          7.658797741795417,
          30.834180852692402,
          34.832991459009534,
          29.951561623785725,
          24.566976937870358,
          17.14419125511901,
          4.945028256456338,
          7.590579835290988,
          57.384031614500415,
          52.041229653907266,
          18.209790370829296,
          -9.680750252946863,
          -16.059007358026992,
          -9.952229505116918,
          0.6076215041133299,
          -0.01004329145932055
        ],
        [
          0.08975334544468933,
          0.05817969821843342,
          -0.0006220874563758448,
          -0.10131799918402583,
          -0.23943722227365924,
          -0.15212651236219601,
          -0.06403851710143955,
          -0.12149324326546355,
          -0.2245432069185771,
          -0.3354042983376494,
          -0.31928370198385114,
          -0.21917831931415913,
          -0.23866227813828345,
          -0.3143113494620218,
          -0.40137590855484395,
          -0.4346041366522136,
          -0.36763946996578506,
          -0.3449620200900549,
          -0.38372756774738,
          -0.4459618343326585,
          -0.5143428904230681,
          -0.5532597096353565,
          -0.5272373621282449,
          -0.5136046918145991,
          -0.5354883555369336,
          -0.5709400358334564,
          -0.6214013142526239,
          -0.7376704521508535,
          -1.0684242588026827,
          -1.514170692842497,
          -1.3067648452824097,
          -0.9101230181746012,
          -0.7482486116746732,
          -0.7303303855907307,
          -0.7491700436562913,
          -0.04830908410827113,
          -0.0410336263627122,
          0.1098525151519795,
          0.5364375239434959,
          0.23497627564763682,
          -2.6170509981234455,
          -0.893715585811583,
          -0.09213398628832302,
          0.6051965146822158,
          0.5921707477982152,
          -2.101012326457171,
          -1.6289803847844655,
          -0.9969608800850885,
          -0.361742982907994,
          1.0893167717159389,
          2.6812266117326455,
          2.193174566770077,
          0.15020629005324526,
          -1.429277049520931,
          -1.7873068261673823,
          0.05415169781937864,
          5.473992079863728,
          8.95461175769626,
          6.026185710873803,
          2.4479306858904426,
          0.155795297757851,
          -0.8265617793808595,
          -0.5128480734985693,
          2.526462753888274,
          14.700084816748337,
          20.236855250534795,
          18.863661894919503,
          13.783797172959483,
          7.955219805628003,
          3.477769090914814,
          0.15361785393501098,
          0.05802196696151098
        ],
        [
          -0.03204821376965927,
          -0.06001586938629977,
          -0.1243231946678543,
          -0.2770972451340129,
          -0.6358834420720239,
          -0.717975480238388,
          -0.41521050873913473,
          -0.3986698746752766,
          -0.5865595340086148,
          -0.9859233312519445,
          -1.2399440442682446,
          -0.8895048513767128,
          -0.735514991994687,
          -0.886890239078719,
          -1.2809473571229022,
          -1.694414014178754,
          -1.4871020066980276,
          -1.1418387524374942,
          -1.13760211838946,
          -1.4197208437899271,
          -1.9592966179482474,
          -2.493928594948757,
          -2.2467096625384806,
          -1.7137345674972784,
          -1.5655190293208758,
          -1.7553663703252922,
          -2.2867492131994562,
          -3.3576440746627707,
          -5.017350191626617,
          -5.154645059610576,
          -2.772662208348688,
          -1.7689406243700059,
          -1.931424810316987,
          -2.2647073824531616,
          -2.4777791769960076,
          -0.31667434539920514,
          -0.5947706207112129,
          -0.7021932966901993,
          -0.11978850077955237,
          1.2607013072914637,
          -4.440268628313574,
          -2.3316606479837727,
          -1.0709650357324887,
          -0.05181596144867203,
          0.299171386195507,
          -8.58693265044082,
          -7.250468551730134,
          -2.8949168787663813,
          -1.7524004767170234,
          -0.6212099489011358,
          0.021780619275750073,
          1.6099411399883579,
          3.825981720813424,
          2.232966109779188,
          -0.5133567872602404,
          -1.10127879670648,
          9.400387681756847,
          27.969789100290573,
          29.053590076458246,
          23.07968317116456,
          17.423372021282415,
          11.157785635486267,
          2.7432697764282845,
          8.915306465224758,
          59.080241366174874,
          59.531049908420066,
          32.33207604838787,
          7.788730053718458,
          -2.34299916584311,
          -2.8876980904333585,
          0.3039144296710993,
          0.005531802115026769
        ],
        [
          0.6667411270568392,
          0.5021080855354628,
          0.1503005726498416,
          -0.5663057793974476,
          -1.732337215992909,
          -0.9234938865321379,
          0.13507904963562026,
          -0.29197783736191363,
          -1.4067718008717744,
          -2.841259521395985,
          -2.462076813675546,
          -0.5547129939157697,
          -0.6243945949459211,
          -1.8576742911202553,
          -3.450359073219738,
          -3.73354600940528,
          -1.5180200815863538,
          -0.6589132760263596,
          -1.5660990574234614,
          -3.1563675890419787,
          -4.682457858453078,
          -4.436895850041747,
          -1.923638622011108,
          -1.2161858818939282,
          -2.376053737307145,
          -4.125926282677274,
          -6.195716155685255,
          -9.0083749852662,
          -13.477956849249209,
          -17.061548626110824,
          -13.93827356417671,
          -10.470688399317838,
          -9.45366621168234,
          -9.588532310529406,
          -9.907796785183251,
          -0.06375744039893948,
          0.23857191198082642,
          1.5545290248174017,
          4.936719694639478,
          1.4032314927867515,
          -26.331650927978274,
          -7.3255479990441685,
          2.792548021998409,
          11.23951140815376,
          7.3820232628517735,
          -36.151577262112006,
          -17.92324438474713,
          0.34383780085467386,
          11.367072858405326,
          26.083076820668055,
          27.971895158983944,
          16.127417742513956,
          0.21243172693160192,
          -14.792418726724172,
          -15.593532526761988,
          13.788234130912755,
          88.39288597500513,
          108.34250887320522,
          36.2994829203539,
          -24.315884615165874,
          -59.387076692989375,
          -75.3179929489606,
          -68.83548047785885,
          4.935807393060173,
          234.4182235502668,
          368.79316957034115,
          363.80669410763176,
          280.7460812512517,
          176.66577159028677,
          83.24399215654839,
          0.8830461793020834,
          0.4106022299803087
        ],
        [
          0.09309789253500968,
          0.014449626324290255,
          -0.1386924310727922,
          -0.41349946529278314,
          -0.7995125399245088,
          -0.5467941350393243,
          -0.32351120973348774,
          -0.5377730681163118,
          -0.883559874792991,
          -1.1690601925212964,
          -0.8876684498852593,
          -0.5719065192445988,
          -0.8088594365874742,
          -1.1610141275909052,
          -1.3564748365297044,
          -1.0369477816892987,
          -0.5639096385683954,
          -0.7523360508817553,
          -1.1427749831341096,
          -1.4022236275418563,
          -1.3068315352705848,
          -0.6126602709589226,
          -0.09933433340067997,
          -0.49747145670199266,
          -1.0159842204682763,
          -1.2929516193335104,
          -1.209416878947993,
          -0.5207439285673332,
          1.0222837389447126,
          1.687329232749069,
          -0.4775775577138676,
          -2.069904572754406,
          -2.5619930933638337,
          -2.6684357857496237,
          -2.6874035548956035,
          -0.32725204617267234,
          -0.5731101985548386,
          -0.5861769523701303,
          -0.11081571438427418,
          -1.480076880885639,
          -6.600259921336061,
          -0.5272934985476689,
          0.7723251222834423,
          0.558862051510863,
          -4.1383786213522455,
          -11.227542311177581,
          -0.8827309032187018,
          1.7450952799484092,
          0.9144776399633292,
          -1.450592147663373,
          -5.349857550520273,
          -2.4331726450841735,
          -1.596718870600644,
          -2.6893866634908337,
          -2.4173384960953412,
          -0.06823615104345483,
          0.6198863447705779,
          -12.852936324619185,
          -23.6707534163035,
          -25.253286079855627,
          -23.41546041281728,
          -18.5910984250152,
          -9.477430941713568,
          -10.846956098469937,
          -53.37249255795319,
          -42.37319857754255,
          -13.295013841787181,
          3.7315125125632806,
          8.182111702888147,
          5.383359156262101,
          0.44348663694773705,
          0.07477685098620776
        ],
        [
          -0.05625429446923595,
          -0.054176949714808305,
          -0.04736909490117494,
          -0.024774400225886516,
          0.04387924976452514,
          0.06355917068405624,
          -0.022678112250466842,
          -0.05538065705509451,
          -0.02757493674482463,
          0.14472317963365885,
          0.4867121915827526,
          0.47734353980741656,
          0.30245424241529184,
          0.22155932620974117,
          0.33946603188197005,
          0.83125722027401,
          1.2481295760313937,
          1.1220792136496902,
          0.9016542414830491,
          0.7819371396615993,
          0.8721912828071656,
          1.3546387499238663,
          1.8539274522159161,
          1.807696561051062,
          1.5937795039844076,
          1.4325169886073965,
          1.3715914556890427,
          1.5191254152139448,
          2.201989367437,
          3.3080744110835574,
          3.138642014074739,
          2.3413011345419075,
          1.8503155490968475,
          1.6334474370584275,
          1.5501587444660447,
          0.704549433692443,
          1.5630336479176163,
          2.747871344701142,
          4.213873142369906,
          3.1203570702906016,
          -6.660300506846814,
          -9.558836739203548,
          -7.861101361700633,
          -6.493711252613805,
          -7.836176351367351,
          -10.222086635934085,
          -12.191038247844064,
          -15.101949606903439,
          -15.830859697995951,
          -14.798993210629607,
          -8.284906606941627,
          2.784608834492386,
          1.9189779107982772,
          -2.6267570448051947,
          -5.808533100376915,
          -6.26175393753888,
          -1.3654298534456397,
          2.7434708469179876,
          2.6861153041464934,
          2.604367370820556,
          2.475437567140045,
          2.4728212021557505,
          4.3670334823353585,
          8.945073300789346,
          -6.4408113153578235,
          -28.906260965021286,
          -39.1970458735084,
          -36.2544671600934,
          -25.108923913848283,
          -12.394301162942057,
          -0.0012045044780886385,
          -0.02211319237201026
        ],
        [
          0.005018666686703158,
          0.0049318300206542594,
          0.004644599834901108,
          0.0038748157765695684,
          0.003095894576513408,
          0.008308854156088829,
          0.012772997113264834,
          0.014585822714119371,
          0.0169958554004913,
          0.02318347110932248,
          0.03658549934772957,
          0.04423186638052683,
          0.04699401217109592,
          0.052522910943847034,
          0.06276065005156874,
          0.07462778910424984,
          0.07584793361059647,
          0.07496764076702908,
          0.08203618162426489,
          0.09652773685438729,
          0.11568632946213714,
          0.12253288036102475,
          0.09596327566165042,
          0.07601924182824987,
          0.07934885248593027,
          0.09666510098912517,
          0.12549168562607746,
          0.16564166378060768,
          0.19336846583559456,
          0.12390887203031367,
          0.031104282823844212,
          0.026518371971791035,
          0.043678023196455945,
          0.05375341655221604,
          0.05747065631810643,
          -0.1389008374236162,
          -0.29626418865962934,
          -0.5049523542678912,
          -0.8524027914091902,
          -1.5449529348280506,
          -1.7809469599269767,
          -1.3510402951609954,
          -1.4558754526058,
          -1.903603476376044,
          -2.5536680615922034,
          -2.2243306982688837,
          -0.9950755240721125,
          -0.8566514439432386,
          -1.278875905534697,
          -1.8939167527141458,
          -1.9127064860791074,
          -0.6209756750217659,
          0.21894272552317834,
          0.35278994159041827,
          0.17587559948443557,
          -0.2629889272826036,
          -1.050441760451215,
          -1.4056425422074672,
          -0.9407636031531311,
          -0.5634704177713095,
          -0.3425199692737764,
          -0.12932342010015435,
          -0.029930132448748502,
          -1.2960329609928989,
          -4.054295085689405,
          -3.0998461032858784,
          -0.7761062805711204,
          0.5423021786510329,
          0.7439243682301016,
          0.4456734840542024,
          -0.0023964817187238437,
          0.002979568123867347
        ],
        [
          0.04931380660930691,
          0.05868769326664717,
          0.07113006877020893,
          0.0679453810097196,
          -0.05011136657578628,
          -0.23911788314322593,
          -0.06958295778647929,
          0.13139109040292973,
          0.3559743059255211,
          0.6042669756444876,
          0.4600559570979715,
          -0.0458029669641604,
          -0.15801328732717376,
          0.044417192133402526,
          0.6147528868931835,
          1.4994226503388766,
          1.4504022153640006,
          0.5744243460355102,
          -0.06891554546116604,
          -0.30937943898337456,
          0.16806548542043506,
          2.0040646740499066,
          3.6838018804271377,
          3.186473334228234,
          2.0127988068061984,
          0.9552772570888468,
          0.18269026699860158,
          0.24209678118892225,
          3.0208850073924687,
          8.89188340610627,
          9.361049917460365,
          6.66082952094459,
          5.290121626941873,
          4.9474787290126905,
          4.930634954795031,
          -3.4303648378485794,
          -7.336458527143497,
          -12.437348912050528,
          -19.85294462089398,
          -26.920344757579084,
          -12.958896499866517,
          -0.04601052326423198,
          1.2651030287944935,
          0.3355089126495329,
          1.2594111622344732,
          6.354805734870017,
          0.5262563691053417,
          2.799521373469764,
          13.323159376389393,
          29.78204405194825,
          44.18226708205649,
          25.792902482998002,
          -6.440077526794023,
          -18.743789076086465,
          -14.516197216674074,
          8.25671994802583,
          48.60417756297456,
          47.68041470012789,
          14.060824337475687,
          -7.133514372876607,
          -20.286305205506153,
          -28.963449997233177,
          -18.06623121295111,
          55.77876196242023,
          109.70438958731455,
          47.38658370619005,
          -27.27969121358476,
          -50.77137195010906,
          -39.74402000497007,
          -20.28299855327089,
          -0.002738573850088955,
          0.0363451559825266
        ],
        [
          0.028107363936298577,
          0.024948953514882494,
          0.015064125311362133,
          -0.01225357946136873,
          -0.05936521576038295,
          0.03426540026666264,
          0.1435216257437727,
          0.15817784708277063,
          0.11175102890843817,
          -0.059630770559207014,
          -0.310154731482057,
          -0.21079195627993252,
          -0.034307187518006356,
          0.01927722626815833,
          -0.148415176295489,
          -0.7308697393494034,
          -1.234518179726487,
          -1.1514508021944867,
          -0.9835048608726873,
          -0.9515640876612892,
          -1.173078769480757,
          -1.7819562327725977,
          -2.2737107968867876,
          -2.2022286546839784,
          -2.07114096706155,
          -2.1045250853203785,
          -2.366545790250477,
          -2.9407776349781973,
          -3.686153620935337,
          -3.314378300341785,
          -2.0231109285569353,
          -1.7921056007363174,
          -2.0070727338592067,
          -2.1680233534463342,
          -2.234809357659479,
          -2.252120520531466,
          -4.428819151047389,
          -6.2972682599649055,
          -6.830171359665654,
          -1.821044701716586,
          5.860407834170819,
          0.925191425236634,
          -3.7994594914643005,
          -4.962062498077569,
          0.09539118332929641,
          8.532664530019145,
          10.276439141508332,
          10.184427610302286,
          10.753295417210337,
          13.114577916932822,
          11.706098251528424,
          -0.81154016277137,
          -3.7930901288901753,
          0.26850418093823014,
          5.900282004553392,
          10.694989870395448,
          7.6006940546822594,
          -4.130346921342176,
          -11.924867422610786,
          -13.946932257463128,
          -13.658765060314641,
          -14.58479881994749,
          -19.905079406881875,
          -21.196891850287503,
          6.283703005537748,
          23.944649004605616,
          18.565866138839187,
          6.940581055641474,
          1.2974567914271948,
          -0.0904294558289979,
          0.00249033539205306,
          0.01277360758881456
        ]
      ],
      "fisher_matrix": [
        [
          25955.716722434598,
          63785.11386088873,
          -17982.914163813322,
          -379.4763381022688,
          -11898.697783217911,
          -2862.313892596966,
          -10648.913028420695,
          -31178.743955041304,
          7392.568627422439,
          -550.8890717301178,
          -75.70444465544242,
          532.3888007120931,
          3008.629527396033
        ],
        [
          63785.11386088873,
          563415.0059682531,
          31283.202209154435,
          6614.673950561029,
          -23550.702723523078,
          -23668.686330948214,
          -40851.28259529335,
          -423017.79391727404,
          20180.953234481512,
          42870.29681349729,
          1114.5774250893332,
          15617.336247715448,
          -14699.39575595631
        ],
        [
          -17982.914163813322,
          31283.202209154435,
          64731.910273786794,
          1586.5575634273814,
          23267.01613599204,
          2665.844563421226,
          19218.605583844477,
          18616.66216733297,
          -17519.9109417749,
          5401.757811104013,
          -806.4038879628098,
          26492.30449463316,
          -4590.300638693121
        ],
        [
          -379.4763381022688,
          6614.673950561029,
          1586.5575634273814,
          244.94687701404354,
          505.3644319270969,
          -216.77890192218308,
          55.21819077042392,
          -4658.200378606336,
          -9.83691332887394,
          619.2490458377633,
          29.822022567342167,
          296.9159780529933,
          -144.51750479938954
        ],
        [
          -11898.697783217911,
          -23550.702723523078,
          23267.01613599204,
          505.3644319270969,
          11763.235841379275,
          2658.9942120364617,
          10920.052851624441,
          35504.75555603787,
          -8411.889900312262,
          -791.5100318143236,
          -457.6882927719306,
          10264.135873602783,
          -213.7385631445008
        ],
        [
          -2862.313892596966,
          -23668.686330948214,
          2665.844563421226,
          -216.77890192218308,
          2658.9942120364617,
          1453.8647019637706,
          3397.276471328307,
          25549.0874094612,
          -2046.8242496135508,
          -2064.553361602243,
          -151.21885330155925,
          2101.7653087994267,
          889.0590717570619
        ],
        [
          -10648.913028420695,
          -40851.28259529335,
          19218.605583844477,
          55.21819077042392,
          10920.052851624441,
          3397.276471328307,
          11242.979542361692,
          52347.64182424114,
          -8326.709312260089,
          -2947.19661526209,
          -517.8248588765487,
          9723.126870149168,
          944.0073110890069
        ],
        [
          -31178.743955041304,
          -423017.79391727404,
          18616.66216733297,
          -4658.200378606336,
          35504.75555603787,
          25549.0874094612,
          52347.64182424114,
          482106.2505251602,
          -27672.848404031367,
          -42723.44317015275,
          -2343.394110145031,
          27931.034789053658,
          22902.210469417554
        ],
        [
          7392.568627422439,
          20180.953234481512,
          -17519.9109417749,
          -9.83691332887394,
          -8411.889900312262,
          -2046.8242496135508,
          -8326.709312260089,
          -27672.848404031367,
          7693.738271820595,
          1473.440657015319,
          505.45709836445917,
          -8497.23344716397,
          -29.75472822068332
        ],
        [
          -550.8890717301178,
          42870.29681349729,
          5401.757811104013,
          619.2490458377633,
          -791.5100318143236,
          -2064.553361602243,
          -2947.19661526209,
          -42723.44317015275,
          1473.440657015319,
          6159.857281247698,
          254.51632736820017,
          1454.795161007046,
          -3237.2269880028666
        ],
        [
          -75.70444465544242,
          1114.5774250893332,
          -806.4038879628098,
          29.822022567342167,
          -457.6882927719306,
          -151.21885330155925,
          -517.8248588765487,
          -2343.394110145031,
          505.45709836445917,
          254.51632736820017,
          70.95033244629765,
          -939.4506996722573,
          -146.2105848744975
        ],
        [
          532.3888007120931,
          15617.336247715448,
          26492.30449463316,
          296.9159780529933,
          10264.135873602783,
          2101.7653087994267,
          9723.126870149168,
          27931.034789053658,
          -8497.23344716397,
          1454.795161007046,
          -939.4506996722573,
          35414.052094490005,
          2123.9229607779675
        ],
        [
          3008.629527396033,
          -14699.39575595631,
          -4590.300638693121,
          -144.51750479938954,
          -213.7385631445008,
          889.0590717570619,
          944.0073110890069,
          22902.210469417554,
          -29.75472822068332,
          -3237.2269880028666,
          -146.2105848744975,
          2123.9229607779675,
          3812.0460013480806
        ]
      ],
      "n_data": {
        "dcs": 35,
        "Ay": 35,
        "sigma_R": 1,
        "sigma_T": 1,
        "total": 72
      }
    },
    {
      "projectile": "n",
      "nucleus": "208Pb",
      "A": 208,
      "Z": 82,
      "E": 30,
      "params": [
        38.51082475373813,
        1.235477968267492,
        0.6468704,
        2.1346865300939415,
        1.235477968267492,
        0.6468704,
        6.003803110504648,
        1.2484888746314864,
        0.5101552,
        5.6731430620119925,
        -0.14762401749570997,
        1.0762015428442702,
        0.59
      ],
      "gradients": [
        [
          1.9458237113593553,
          2.3661789888291405,
          3.3841211824387645,
          2.6158050123821743,
          -15.111665440295344,
          -7.937973379366021,
          3.058322947871361,
          -1.643246004912755,
          -3.6563153070184993,
          -4.971268553522423,
          -0.413011513619313,
          1.1541828282258544,
          -0.044980520858999944,
          -0.861056682041898,
          1.5167157036719139,
          2.880827742948324,
          1.9376490332112584,
          0.7918746522447406,
          2.1342016171625176,
          3.8736367498555877,
          2.8425500233104937,
          1.4184966377035728,
          2.579465098916064,
          3.8832710715637946,
          2.51836008748672,
          2.3768527318095622,
          3.5792216644399764,
          4.073326139832277,
          4.211964378569067,
          4.135434643806206,
          2.1235488897376733,
          -1.384952691157764,
          4.09157268400282,
          3.9357647573142356,
          1.1483213072739165,
          -0.8473340763351205,
          0.8583709958870367,
          15.066903879372639,
          38.444690215549414,
          114.16594496592714,
          -338.97077348315145,
          -438.0859087070008,
          32.638344179220375,
          71.34289973073683,
          66.12533621672338,
          -45.914488877925606,
          53.77636007217357,
          68.7680867914565,
          43.569580670752934,
          -16.48034529750565,
          74.52542577355624,
          92.18339882488851,
          57.08516505307376,
          -9.923432090769152,
          77.94271282999006,
          118.03650769320635,
          92.96283129396556,
          32.92316214829334,
          24.808302255042438,
          62.12479536061781,
          134.42659471373946,
          144.16836817339217,
          76.29586703876868,
          19.790086113770275,
          75.33157054153786,
          31.284412012751638,
          -105.6027896134959,
          47.36367759191629,
          60.8680121094701,
          27.315159278618722,
          0.019624481310435614,
          0.9235494803070251
        ],
        [
          4.37713016737184,
          4.094055500518767,
          3.490013320041155,
          -2.7333746689236444,
          -16.302336396990718,
          -9.504272778029105,
          15.027119710321305,
          2.2733557642730537,
          -4.198844192793127,
          -7.034033443097798,
          6.123103638133258,
          5.932428868308471,
          0.392171763634349,
          -2.72226307084959,
          5.445153727856963,
          8.813483575905533,
          3.8827229953968176,
          -2.3440041100278672,
          2.5558570394309026,
          11.264099225157622,
          6.251671633613696,
          -3.3901235477729874,
          0.20197158958359065,
          10.213033047270272,
          5.889073910180014,
          0.2628173578502688,
          3.6053316349664706,
          7.09463380688697,
          2.5143988152675285,
          2.7557239441699384,
          0.5322520385856893,
          -11.038567238517915,
          -1.432783946489076,
          8.657856889033582,
          9.49551826614558,
          -7.888235617839446,
          -15.289265860739928,
          -17.283603495089938,
          -15.460845816256302,
          196.13023858328822,
          -477.7398889888621,
          -321.05012022893226,
          176.895521183433,
          204.1387384332379,
          153.15328577033307,
          -89.03685963947667,
          184.21974299012064,
          211.56312678199293,
          92.83944235215696,
          -146.32307181524797,
          204.83666139454257,
          264.37506194720646,
          70.16927709519226,
          -277.9316690921215,
          124.311642299617,
          288.0102269953567,
          87.49220205732935,
          -218.15421083296962,
          -241.12870646514256,
          67.81436695773432,
          248.61935851431713,
          184.76362078756702,
          -115.64865228013032,
          -218.4565248633295,
          -89.67003086206053,
          -134.92115875635443,
          146.58151203453187,
          167.96468587152967,
          -650.5461208353514,
          -556.2346124141953,
          0.7829604459194653,
