{
  "method": "numerov_spin_half_extended",
  "nuclei": [
    "12C",
    "16O",
    "27Al",
    "28Si",
    "40Ca",
    "48Ti",
    "56Fe",
    "58Ni",
    "90Zr",
    "120Sn",
    "197Au",
    "208Pb"
  ],
  "A_values": [
    12,
    16,
    27,
    28,
    40,
    48,
    56,
    58,
    90,
    120,
    197,
    208
  ],
  "energies": [
    10,
    20,
    30,
    50,
    100,
    150,
    200
  ],
  "projectiles": [
    "n",
    "p"
  ],
  "param_names": [
    "V",
    "rv",
    "av",
    "W",
    "rw",
    "aw",
    "Wd",
    "rvd",
    "avd",
    "Vso",
    "Wso"
  ],
  "theta_deg": [
    10.0,
    20.0,
    30.0,
    40.0,
    50.0,
    60.0,
    70.0,
    80.0,
    90.0,
    100.0,
    110.0,
    120.0,
    130.0,
    140.0,
    150.0,
    160.0,
    170.0
  ],
  "observable_combinations": [
    "elastic_9p",
    "elastic_11p",
    "elastic_Ay_11p",
    "elastic_sigR_11p",
    "elastic_Ay_sigR_11p",
    "all_11p",
    "all_9p"
  ],
  "data": [
    {
      "projectile": "n",
      "nucleus": "12C",
      "A": 12,
      "Z": 6,
      "E": 10,
      "params": [
        50.599174972962324,
        1.1268252397979523,
        0.6760155999999999,
        0.9093961432627454,
        1.1268252397979523,
        0.6760155999999999,
        7.7870477936289495,
        1.3061125585110593,
        0.5426128,
        5.478762938303695,
        -0.052320591551728336
      ],
      "rvso": 0.9027967196578073,
      "avso": 0.59,
      "sigma_R": 803.7491728962362,
      "fisher_matrix": [
        [
          12179.294182371936,
          21087.881812133397,
          1246.4641162040955,
          -15.131541826262882,
          -85.23302000455394,
          12.917472180592762,
          -1215.1702711972666,
          1303.0896890604313,
          1998.4465561657482,
          83.1209918583756,
          -27.597770451537933
        ],
        [
          21087.881812133397,
          39856.12207110363,
          1931.2219126976438,
          46.02052145303253,
          -21.159072440940417,
          15.44400068672067,
          -1034.61098240118,
          1774.2883732177468,
          3762.236724259529,
          667.9363914328305,
          -58.116809116871394
        ],
        [
          1246.4641162040955,
          1931.2219126976438,
          1656.3236008437557,
          -35.3203012387863,
          -64.77932475898572,
          6.701696916380661,
          -624.2490451830953,
          356.8831371737293,
          201.84737803483046,
          -551.9691282948879,
          7.551519239002614
        ],
        [
          -15.131541826262882,
          46.02052145303253,
          -35.3203012387863,
          2.8498597496218965,
          5.018688743835542,
          -0.1762014049545126,
          43.29239734901351,
          -16.643098154701594,
          9.870487039636425,
          3.215763373121556,
          -0.4778357803637764
        ],
        [
          -85.23302000455394,
          -21.159072440940417,
          -64.77932475898572,
          5.018688743835542,
          10.154490322836942,
          0.28352880458583396,
          91.83890945026923,
          -8.039674797945985,
          18.00354539632622,
          13.17708514845389,
          -0.7637817535915068
        ],
        [
          12.917472180592762,
          15.44400068672067,
          6.701696916380661,
          -0.1762014049545126,
          0.28352880458583396,
          0.9535349172011275,
          1.9063384997656065,
          49.00039818273596,
          26.177862412911512,
          5.743963695078657,
          0.25859172393354907
        ],
        [
          -1215.1702711972666,
          -1034.61098240118,
          -624.2490451830953,
          43.29239734901351,
          91.83890945026923,
          1.9063384997656065,
          858.969066249274,
          -130.13723977198973,
          36.03795052147419,
          148.44555125659448,
          -6.0677564654140355
        ],
        [
          1303.0896890604313,
          1774.2883732177468,
          356.8831371737293,
          -16.643098154701594,
          -8.039674797945985,
          49.00039818273596,
          -130.13723977198973,
          2728.403102302266,
          1461.5966379207944,
          496.3597744484207,
          15.327102600349052
        ],
        [
          1998.4465561657482,
          3762.236724259529,
          201.84737803483046,
          9.870487039636425,
          18.00354539632622,
          26.177862412911512,
          36.03795052147419,
          1461.5966379207944,
          1171.857384084708,
          131.071039857865,
          2.4101513432548
        ],
        [
          83.1209918583756,
          667.9363914328305,
          -551.9691282948879,
          3.215763373121556,
          13.17708514845389,
          5.743963695078657,
          148.44555125659448,
          496.3597744484207,
          131.071039857865,
          1107.7013374603157,
          -0.19600526317867373
        ],
        [
          -27.597770451537933,
          -58.116809116871394,
          7.551519239002614,
          -0.4778357803637764,
          -0.7637817535915068,
          0.25859172393354907,
          -6.0677564654140355,
          15.327102600349052,
          2.4101513432548,
          -0.19600526317867373,
          0.38043790335338046
        ]
      ],
      "deff_results": {
        "elastic_11p": {
          "D_eff": 1.7653554291297588,
          "condition_number": 7.851239552726376e+16,
          "eigenvalues": [
            427.9144241492412,
            130.9017855408052,
            30.295853819460877,
            4.196283437520357,
            1.7928150885400356,
            0.8545921250753151,
            0.00036792569485830974,
            6.785093826606144e-05,
            4.543402062937435e-08,
            2.109078280330351e-12,
            5.4502785359624665e-15
          ]
        },
        "elastic_Ay_11p": {
          "D_eff": 1.309993183209421,
          "condition_number": 6399658401.3223915,
          "eigenvalues": [
            51867.48729818502,
            3393.497609439618,
            2350.617721689449,
            1050.2017499097822,
            748.2807757531016,
            137.12805353523686,
            23.750945779577577,
            0.13080753994032934,
            0.027263926642967496,
            0.0009731006729112421,
            8.104727478495945e-06
          ]
        },
        "elastic_sigR_11p": {
          "D_eff": 1.7701191526573425,
          "condition_number": 265368048602501.47,
          "eigenvalues": [
            427.9162949636038,
            131.76718464753333,
            30.543299959233202,
            4.197343839844029,
            1.8261880955620848,
            0.8699737675539169,
            0.0013003997510973187,
            9.280054676881487e-05,
            3.2879233070505266e-06,
            1.1129023915096093e-11,
            1.6125388765419366e-12
          ]
        },
        "elastic_Ay_sigR_11p": {
          "D_eff": 1.3100322518182836,
          "condition_number": 5797802239.215372,
          "eigenvalues": [
            51867.68161718078,
            3394.152812163378,
            2350.623116997915,
            1050.476388173859,
            748.2809635148762,
            137.12948709830818,
            23.785179668834775,
            0.13084118833866137,
            0.027277133598472343,
            0.0010066765991347383,
            8.946093619122844e-06
          ]
        },
        "all_11p": {
          "D_eff": 1.3100569913298243,
          "condition_number": 5614635245.831787,
          "eigenvalues": [
            51867.793210439864,
            3394.48212372349,
            2350.6434249054983,
            1050.6593478693267,
            748.320058168791,
            137.15552205207197,
            23.79609890999093,
            0.13090038540880228,
            0.027316505024364675,
            0.0010551114805343238,
            9.237963098127463e-06
          ]
        },
        "elastic_9p": {
          "D_eff": 1.7631360979098407,
          "condition_number": 16101825033.612469,
          "eigenvalues": [
            427.6064250253921,
            130.83629806805533,
            30.295515683326368,
            4.153246817107602,
            1.537185001596901,
            0.7350729359164878,
            7.484075924724973e-05,
            7.275204953396047e-08,
            2.6556394951054687e-08
          ]
        },
        "all_9p": {
          "D_eff": 1.2633247307479998,
          "condition_number": 3935516869.949891,
          "eigenvalues": [
            51859.95620974815,
            3343.421540803251,
            2005.8132023171465,
            991.8616656700667,
            152.71844746038147,
            111.03051949205137,
            0.11490351163704754,
            0.010789765098713986,
            1.3177419364081763e-05
          ]
        }
      },
      "sigma_T": 1527.1502542380872
    },
    {
      "projectile": "n",
      "nucleus": "12C",
      "A": 12,
      "Z": 6,
      "E": 20,
      "params": [
        46.93948990130577,
        1.1268252397979523,
        0.6760155999999999,
        1.8256455742066067,
        1.1268252397979523,
        0.6760155999999999,
        7.158468627133141,
        1.3061125585110593,
        0.5426128,
        5.263937570741342,
        -0.11190889829785805
      ],
      "rvso": 0.9027967196578073,
      "avso": 0.59,
      "sigma_R": 640.9318101758427,
      "fisher_matrix": [
        [
          8853.003873466974,
          10921.431539082696,
          -439.9648099648498,
          -125.58698880077513,
          -385.59061119719706,
          -55.998245277743536,
          -1842.187729800457,
          -968.6704552844665,
          146.437268673502,
          -627.9673146751691,
          -80.79981215686765
        ],
        [
          10921.431539082696,
          29663.59720267228,
          13553.284820789648,
          122.85647837685516,
          255.37924739434317,
          126.41296114796643,
          791.4157869479258,
          5784.004321719578,
          3965.6141350419775,
          1715.5103973700811,
          13.788346012225816
        ],
        [
          -439.9648099648498,
          13553.284820789648,
          12653.079930012325,
          236.99022019545495,
          623.4938889981742,
          157.29360046328839,
          2582.8825794404556,
          5331.34345293357,
          3105.1303399247054,
          2101.248810574788,
          108.9870745949356
        ],
        [
          -125.58698880077513,
          122.85647837685516,
          236.99022019545495,
          11.894775042645824,
          30.423713049257593,
          9.039233846734511,
          136.68994609479546,
          341.3877618618692,
          133.6603458123425,
          32.437931508137154,
          2.656594775335508
        ],
        [
          -385.59061119719706,
          255.37924739434317,
          623.4938889981742,
          30.423713049257593,
          80.26167627348481,
          22.84578949099541,
          363.0873509626626,
          858.0354631958386,
          325.9542157625316,
          89.14330266556021,
          6.906840940283665
        ],
        [
          -55.998245277743536,
          126.41296114796643,
          157.29360046328839,
          9.039233846734511,
          22.84578949099541,
          8.322044656214777,
          103.71243106085143,
          328.23459653704197,
          126.46847658653421,
          35.33113823766679,
          1.5620082957819514
        ],
        [
          -1842.187729800457,
          791.4157869479258,
          2582.8825794404556,
          136.68994609479546,
          363.0873509626626,
          103.71243106085143,
          1653.7175332463946,
          3928.051799056153,
          1444.3127120344495,
          371.11985737609245,
          29.189520650009406
        ],
        [
          -968.6704552844665,
          5784.004321719578,
          5331.34345293357,
          341.3877618618692,
          858.0354631958386,
          328.23459653704197,
          3928.051799056153,
          13554.606285200927,
          5091.3880706523905,
          1175.5682865163835,
          40.651264361517114
        ],
        [
          146.437268673502,
          3965.6141350419775,
          3105.1303399247054,
          133.6603458123425,
          325.9542157625316,
          126.46847658653421,
          1444.3127120344495,
          5091.3880706523905,
          2128.1192446034943,
          645.3673669074944,
          24.20220420612461
        ],
        [
          -627.9673146751691,
          1715.5103973700811,
          2101.248810574788,
          32.437931508137154,
          89.14330266556021,
          35.33113823766679,
          371.11985737609245,
          1175.5682865163835,
          645.3673669074944,
          913.9962803142043,
          29.895603460833613
        ],
        [
          -80.79981215686765,
          13.788346012225816,
          108.9870745949356,
          2.656594775335508,
          6.906840940283665,
          1.5620082957819514,
          29.189520650009406,
          40.651264361517114,
          24.20220420612461,
          29.895603460833613,
          1.9823305984432955
        ]
      ],
      "deff_results": {
        "elastic_11p": {
          "D_eff": 1.3110601009964065,
          "condition_number": 16466247735420.363,
          "eigenvalues": [
            953.1717243266185,
            108.28491004445769,
            22.039455684377163,
            12.292111555984064,
            2.048110138974367,
            0.9288202165940993,
            0.03390229333812715,
            0.00040155091812511183,
            4.288832036070183e-05,
            1.0467712611506445e-07,
            5.7886395227509016e-11
          ]
        },
        "elastic_Ay_11p": {
          "D_eff": 2.172626685818232,
          "condition_number": 40393469.38028744,
          "eigenvalues": [
            42965.92416817033,
            17709.791375555942,
            8023.70385733921,
            635.5379513160245,
            145.88658068495116,
            31.92849769949422,
            7.127151457017142,
            0.08273618956414602,
            0.05238541917148667,
            0.013518332033554256,
            0.0010636849180659456
          ]
        },
        "elastic_sigR_11p": {
          "D_eff": 1.3144627351662141,
          "condition_number": 146605783123.54947,
          "eigenvalues": [
            953.1806016329559,
            109.85074498604112,
            22.045781137715835,
            12.313679022372334,
            2.0825385375465264,
            0.9291554029626119,
            0.03613412477708759,
            0.00043674598640858604,
            4.314981992023557e-05,
            8.661353809727563e-06,
            6.5016575835189236e-09
          ]
        },
        "elastic_Ay_sigR_11p": {
          "D_eff": 2.1726451203785895,
          "condition_number": 39986453.838101216,
          "eigenvalues": [
            42966.67260070325,
            17710.28040977665,
            8023.978183281895,
            635.5423059506126,
            145.9091152528941,
            32.02268685278573,
            7.133763809653432,
            0.08273642442874542,
            0.05253002580599446,
            0.013523843727781327,
            0.0010745307091913792
          ]
        },
        "all_11p": {
          "D_eff": 2.1726316238651737,
          "condition_number": 39839521.6886258,
          "eigenvalues": [
            42967.479199150934,
            17710.32323119944,
            8023.983756034428,
            635.5423405745873,
            145.90933347622433,
            32.02667599910516,
            7.1650100960340675,
            0.08311471065789783,
            0.053859824628641764,
            0.013576507427044028,
            0.001078513932345181
          ]
        },
        "elastic_9p": {
          "D_eff": 1.310575480534003,
          "condition_number": 32277050.500504263,
          "eigenvalues": [
            952.1651958709941,
            108.2080300701933,
            21.985508950560288,
            12.274043417506842,
            2.027776835562291,
            0.7777157064384654,
            0.0016846846954971565,
            6.353351612068985e-05,
            2.9499758531409755e-05
          ]
        },
        "all_9p": {
          "D_eff": 2.1352220799865056,
          "condition_number": 24503924.156876765,
          "eigenvalues": [
            42809.498913956675,
            17580.853033620326,
            7912.639629758786,
            182.7845965165494,
            88.59417158664715,
            31.999413557144376,
            0.1668084244943177,
            0.06425070745785094,
            0.0017470466623992814
          ]
        }
      },
      "sigma_T": 1485.1969143799977
    },
    {
      "projectile": "n",
      "nucleus": "12C",
      "A": 12,
      "Z": 6,
      "E": 30,
      "params": [
        43.504637699605674,
        1.1268252397979523,
        0.6760155999999999,
        2.8773412493310415,
        1.1268252397979523,
        0.6760155999999999,
        6.071669338065068,
        1.3061125585110593,
        0.5426128,
        5.057535626325416,
        -0.1907000078641666
      ],
      "rvso": 0.9027967196578073,
      "avso": 0.59,
      "sigma_R": 527.0404641237922,
      "fisher_matrix": [
        [
          7190.932124689578,
          11676.9495220692,
          1192.6267799241004,
          -150.0136014141431,
          -645.6880554216685,
          -213.91811659683682,
          -2026.4506934953647,
          -4403.892400155117,
          326.4574493148629,
          -881.5439044544717,
          -57.72287693306292
        ],
        [
          11676.9495220692,
          70006.83483564503,
          51289.5993932723,
          630.5838152056045,
          2331.9292370970143,
          -166.6461409233648,
          5673.941330805784,
          -8778.627955056683,
          -2695.98041853955,
          3451.590490176659,
          95.96364197331474
        ],
        [
          1192.6267799241004,
          51289.5993932723,
          62936.84062727253,
          393.69511255873476,
          3932.4889034875628,
          910.9374956592993,
          12272.196879838259,
          12475.230275669634,
          -4008.0772065457104,
          6802.9393669538,
          50.992396157455715
        ],
        [
          -150.0136014141431,
          630.5838152056045,
          393.69511255873476,
          50.36635683316224,
          92.3171921770539,
          -3.1694010912913386,
          210.7431001327596,
          48.32163197462658,
          -13.177302670008304,
          -83.88265190399362,
          6.249411336045934
        ],
        [
          -645.6880554216685,
          2331.9292370970143,
          3932.4889034875628,
          92.3171921770539,
          432.43744920483067,
          99.03920417602136,
          1325.7482197534948,
          2025.495706075414,
          -320.7458253355348,
          218.80581662204713,
          0.5967680463741143
        ],
        [
          -213.91811659683682,
          -166.6461409233648,
          910.9374956592993,
          -3.1694010912913386,
          99.03920417602136,
          58.302796394943265,
          385.33331500589134,
          1263.445560725931,
          -33.41596193641834,
          103.72290400491059,
          -5.731906667386795
        ],
        [
          -2026.4506934953647,
          5673.941330805784,
          12272.196879838259,
          210.7431001327596,
          1325.7482197534948,
          385.33331500589134,
          4294.12353455365,
          7991.541189278792,
          -1057.9020945712346,
          783.5411135998373,
          -20.728269054171417
        ],
        [
          -4403.892400155117,
          -8778.627955056683,
          12475.230275669634,
          48.32163197462658,
          2025.495706075414,
          1263.445560725931,
          7991.541189278792,
          30836.205456977146,
          152.61894190196313,
          439.36683883813635,
          -135.4549971235454
        ],
        [
          326.4574493148629,
          -2695.98041853955,
          -4008.0772065457104,
          -13.177302670008304,
          -320.7458253355348,
          -33.41596193641834,
          -1057.9020945712346,
          152.61894190196313,
          1061.6355542889228,
          -282.14383320245884,
          27.169582743885307
        ],
        [
          -881.5439044544717,
          3451.590490176659,
          6802.9393669538,
          -83.88265190399362,
          218.80581662204713,
          103.72290400491059,
          783.5411135998373,
          439.36683883813635,
          -282.14383320245884,
          1865.4643305419067,
          34.58236414377609
        ],
        [
          -57.72287693306292,
          95.96364197331474,
          50.992396157455715,
          6.249411336045934,
          0.5967680463741143,
          -5.731906667386795,
          -20.728269054171417,
          -135.4549971235454,
          27.169582743885307,
          34.58236414377609,
          5.322401717405271
        ]
      ],
      "deff_results": {
        "elastic_11p": {
          "D_eff": 1.2940820600546137,
          "condition_number": 43676750808.037254,
          "eigenvalues": [
            3258.155334813101,
            263.5761448787119,
            183.75244636009205,
            14.393832505509868,
            3.508082204944906,
            0.5927115900657589,
            0.43501463079067754,
            0.005841296294366894,
            0.001221261901313081,
            8.366420595730137e-07,
            7.459701728118352e-08
          ]
        },
        "elastic_Ay_11p": {
          "D_eff": 1.9175164112900844,
          "condition_number": 8091153.285683778,
          "eigenvalues": [
            120849.46084558203,
            44184.01974383559,
            9784.423860640276,
            2479.0118284274404,
            1184.1268975547932,
            219.93333028552124,
            32.234907819928765,
            1.2820625377243804,
            0.2202659379828722,
            0.03151428504376352,
            0.014935999427845362
          ]
        },
        "elastic_sigR_11p": {
          "D_eff": 1.2950266865830837,
          "condition_number": 10752627663.823473,
          "eigenvalues": [
            3258.5323848103717,
            264.5474397713241,
            183.7574090075858,
            14.777234508848796,
            3.567947529038456,
            0.6706246174935966,
            0.43680352663329347,
            0.007030258153506186,
            0.0012216963346917428,
            0.00011718814612745241,
            3.030452171029315e-07
          ]
        },
        "elastic_Ay_sigR_11p": {
          "D_eff": 1.917544364601712,
          "condition_number": 7832888.3653598,
          "eigenvalues": [
            120849.62907938444,
            44184.64802329399,
            9784.93795398245,
            2479.0557245355567,
            1184.403907689913,
            219.9956900438403,
            32.417697104407296,
            1.2824781288635876,
            0.22026674525881187,
            0.03152627263853407,
            0.015428488629281424
          ]
        },
        "all_11p": {
          "D_eff": 1.9175483283694619,
          "condition_number": 7692709.592226627,
          "eigenvalues": [
            120850.8511485137,
            44184.64803321808,
            9785.489373911703,
            2479.0561299951773,
            1184.452447259525,
            219.99876687222908,
            32.417732570843114,
            1.283495500097114,
            0.22058748570832468,
            0.03204300224151963,
            0.015709789860081518
          ]
        },
        "elastic_9p": {
          "D_eff": 1.294779120358503,
          "condition_number": 21534192.611216556,
          "eigenvalues": [
            3245.759843201594,
            263.53207059127556,
            183.74987519985285,
            14.33385170975432,
            3.4268972903036685,
            0.5696326209535982,
            0.008791035034369772,
            0.0016772867329425283,
            0.00015072586661600532
          ]
        },
        "all_9p": {
          "D_eff": 1.8916283778324166,
          "condition_number": 5541186.633467387,
          "eigenvalues": [
            120420.8306930417,
            44108.4807369157,
            9226.306408150484,
            2109.4263629285124,
            923.6138619625323,
            75.62081847535929,
            3.0263547197987766,
            0.35176770849063027,
            0.021731957188687687
          ]
        }
      },
      "sigma_T": 1317.9315461935685
    },
    {
      "projectile": "n",
      "nucleus": "12C",
      "A": 12,
      "Z": 6,
      "E": 50,
      "params": [
        37.29951789007481,
        1.1268252397979523,
        0.6760155999999999,
        4.9710248054163015,
        1.1268252397979523,
        0.6760155999999999,
        4.089771228587733,
        1.3061125585110593,
        0.5426128,
        4.668693809093764,
        -0.3930007421468868
      ],
      "rvso": 0.9027967196578073,
      "avso": 0.59,
      "sigma_R": 387.06312777619246,
      "fisher_matrix": [
        [
          71226.81056455133,
          148830.86826049828,
          -45543.93774758502,
          -2270.623946172065,
          -29551.147743750393,
          -15801.208347399806,
          -50891.8856381495,
          -167342.76567342755,
          37741.02610092266,
          14275.400595446617,
          1287.367398713679
        ],
        [
          148830.86826049828,
          576489.5001839523,
          26306.96479105918,
          7999.654683577151,
          -38348.186243116106,
          -45974.14229356829,
          -94885.30512243455,
          -555228.8450763461,
          40646.8651809678,
          52218.474240754054,
          2110.816532567476
        ],
        [
          -45543.93774758502,
          26306.96479105918,
          93373.60630799405,
          7797.6352245421895,
          32494.81489104684,
          5791.1354859048615,
          43344.019123693135,
          36330.353053299,
          -46208.577824647284,
          -2435.172258603655,
          -1357.7230301880168
        ],
        [
          -2270.623946172065,
          7999.654683577151,
          7797.6352245421895,
          761.8474303507955,
          2355.470011483425,
          33.892034716100625,
          2686.406277160669,
          -2373.7034164041834,
          -3361.5238858520374,
          270.2015331796365,
          -99.9068962601109
        ],
        [
          -29551.147743750393,
          -38348.186243116106,
          32494.81489104684,
          2355.470011483425,
          15745.661766402962,
          6171.403408441799,
          24724.66250825314,
          61763.715251306865,
          -20982.84420545616,
          -5547.990133521268,
          -770.5092885759473
        ],
        [
          -15801.208347399806,
          -45974.14229356829,
          5791.1354859048615,
          33.892034716100625,
          6171.403408441799,
          4575.237912719458,
          12148.387077915111,
          53332.18110189722,
          -7475.32907417467,
          -5072.378746744449,
          -348.17045976012037
        ],
        [
          -50891.8856381495,
          -94885.30512243455,
          43344.019123693135,
          2686.406277160669,
          24724.66250825314,
          12148.387077915111,
          41690.4943010697,
          130505.24148906687,
          -32335.02378849957,
          -12228.903135099577,
          -1272.1887282954285
        ],
        [
          -167342.76567342755,
          -555228.8450763461,
          36330.353053299,
          -2373.7034164041834,
          61763.715251306865,
          53332.18110189722,
          130505.24148906687,
          642532.5832738252,
          -72084.49137279682,
          -62524.507095037945,
          -3676.0798170284356
        ],
        [
          37741.02610092266,
          40646.8651809678,
          -46208.577824647284,
          -3361.5238858520374,
          -20982.84420545616,
          -7475.32907417467,
          -32335.02378849957,
          -72084.49137279682,
          29437.25587320977,
          7053.879329806251,
          1047.3743855112862
        ],
        [
          14275.400595446617,
          52218.474240754054,
          -2435.172258603655,
          270.2015331796365,
          -5547.990133521268,
          -5072.378746744449,
          -12228.903135099577,
          -62524.507095037945,
          7053.879329806251,
          7229.524428127088,
          396.40074747167756
        ],
        [
          1287.367398713679,
          2110.816532567476,
          -1357.7230301880168,
          -99.9068962601109,
          -770.5092885759473,
          -348.17045976012037,
          -1272.1887282954285,
          -3676.0798170284356,
          1047.3743855112862,
          396.40074747167756,
          61.001285483346024
        ]
      ],
      "deff_results": {
        "elastic_11p": {
          "D_eff": 2.2638000234828013,
          "condition_number": 106904841.65037522,
          "eigenvalues": [
            906.5324262503972,
            306.8912664283636,
            255.45510939776935,
            14.462914260456063,
            5.805418571487268,
            1.214839618036524,
            0.19760138758977763,
            0.035585101916774886,
            0.0031002903424183687,
            0.0008579102653077777,
            8.479807015805213e-06
          ]
        },
        "elastic_Ay_11p": {
          "D_eff": 1.3637567072427375,
          "condition_number": 31457351.144180864,
          "eigenvalues": [
            1255800.1117148022,
            185545.5109423584,
            38220.68035174302,
            2059.398176099341,
            1025.2722901784978,
            310.862376627663,
            143.2078141100384,
            9.533767277177185,
            3.4762112570324457,
            0.379846477116112,
            0.03992072015087978
          ]
        },
        "elastic_sigR_11p": {
          "D_eff": 2.267374343929584,
          "condition_number": 1324109.4786213147,
          "eigenvalues": [
            906.7529787602907,
            306.8926024189512,
            256.60246942885425,
            14.463018309029394,
            6.049052582569841,
            1.2752891673907099,
            0.4456683543289774,
            0.03692725550345065,
            0.008994307654256014,
            0.0010123133175116651,
            0.000684802120519836
          ]
        },
        "elastic_Ay_sigR_11p": {
          "D_eff": 1.3637594645546374,
          "condition_number": 28828253.186114673,
          "eigenvalues": [
            1255800.451719691,
            185545.59475012356,
            38221.32571939492,
            2059.6468954168586,
            1025.3807416220714,
            310.9683748293384,
            143.58710514528133,
            9.534277029956995,
            3.483264853886015,
            0.3865720996226282,
            0.043561447986885174
          ]
        },
        "all_11p": {
          "D_eff": 1.363763660461017,
          "condition_number": 28401706.829746198,
          "eigenvalues": [
            1255801.0529595506,
            185546.03688415364,
            38223.28858266742,
            2059.681896904616,
            1025.3859501040088,
            310.9709202122764,
            143.64828955236337,
            9.535639932324644,
            3.4850394195436554,
            0.39294949996550205,
            0.04421568958821524
          ]
        },
        "elastic_9p": {
          "D_eff": 2.2727797325249357,
          "condition_number": 3308135.35694581,
          "eigenvalues": [
            895.2423226880641,
            306.66841577127315,
            255.41677880877765,
            14.445903245192412,
            5.732819697838619,
            0.3144065148582396,
            0.03536234052066859,
            0.015267094213102494,
            0.00027061840768044754
          ]
        },
        "all_9p": {
          "D_eff": 1.3624733938525364,
          "condition_number": 24922405.688344475,
          "eigenvalues": [
            1250115.3227719641,
            185513.15199398278,
            37654.259079699696,
            1422.194210026852,
            967.4494564583871,
            140.40869876562954,
            16.660742287440062,
            3.5005005912883926,
            0.05016029906601708
          ]
        }
      },
      "sigma_T": 956.0244333354942
    },
    {
      "projectile": "n",
      "nucleus": "12C",
      "A": 12,
      "Z": 6,
      "E": 100,
      "params": [
        25.547798310485494,
        1.1268252397979523,
        0.6760155999999999,
        8.543764500313499,
        1.1268252397979523,
        0.6760155999999999,
        1.4087049297035144,
        1.3061125585110593,
        0.5426128,
        3.822403198209849,
        -1.0067856332499547
      ],
      "rvso": 0.9027967196578073,
      "avso": 0.59,
      "sigma_R": 241.5869329079375,
      "fisher_matrix": [
        [
          53391.37695994163,
          97023.9941017635,
          17519.759884223356,
          -4532.945706409513,
          -39948.2863004341,
          4942.61538512845,
          -1585.1016482278965,
          139419.39271914546,
          -2139.3758422080136,
          -77.69644064677414,
          -7239.043861143793
        ],
        [
          97023.9941017635,
          483035.7563200903,
          368180.3882940882,
          12789.859792604098,
          -13880.233984999886,
          -23953.021198556777,
          8777.860804072776,
          107135.30896056467,
          -76029.21218804116,
          39008.95065663574,
          -41362.998116268536
        ],
        [
          17519.759884223356,
          368180.3882940882,
          431689.3996503515,
          21997.086979694843,
          69977.92071912791,
          -27451.289101634553,
          22286.32345498165,
          -109769.2835769587,
          -111809.90141837846,
          39438.29777944014,
          -40474.78269079275
        ],
        [
          -4532.945706409513,
          12789.859792604098,
          21997.086979694843,
          2313.351612036563,
          8897.400589280378,
          -1938.7061072492957,
          1968.3573904577886,
          -18958.58856104728,
          -8157.137332564396,
          1269.89402270261,
          -1473.3166668239433
        ],
        [
          -39948.2863004341,
          -13880.233984999886,
          69977.92071912791,
          8897.400589280378,
          52305.39527130191,
          -5316.574202916196,
          9850.568049868121,
          -122749.45777783752,
          -32374.093769425577,
          2300.7772783606065,
          -2911.777960816497
        ],
        [
          4942.61538512845,
          -23953.021198556777,
          -27451.289101634553,
          -1938.7061072492957,
          -5316.574202916196,
          6739.991806998957,
          1684.6283597098234,
          39288.49151447509,
          -1183.1916825101266,
          -6724.518318873552,
          1204.992278285484
        ],
        [
          -1585.1016482278965,
          8777.860804072776,
          22286.32345498165,
          1968.3573904577886,
          9850.568049868121,
          1684.6283597098234,
          4527.061827812168,
          -421.9181685097874,
          -15266.67973130862,
          -2120.942269920472,
          -2447.874966042249
        ],
        [
          139419.39271914546,
          107135.30896056467,
          -109769.2835769587,
          -18958.58856104728,
          -122749.45777783752,
          39288.49151447509,
          -421.9181685097874,
          503530.22237558116,
          7064.2538674035895,
          -27906.825319017815,
          -6742.35215270242
        ],
        [
          -2139.3758422080136,
          -76029.21218804116,
          -111809.90141837846,
          -8157.137332564396,
          -32374.093769425577,
          -1183.1916825101266,
          -15266.67973130862,
          7064.2538674035895,
          58699.301274723024,
          2824.85887128207,
          11945.877214617014
        ],
        [
          -77.69644064677414,
          39008.95065663574,
          39438.29777944014,
          1269.89402270261,
          2300.7772783606065,
          -6724.518318873552,
          -2120.942269920472,
          -27906.825319017815,
          2824.85887128207,
          9823.518505927788,
          -2759.3569446453225
        ],
        [
          -7239.043861143793,
          -41362.998116268536,
          -40474.78269079275,
          -1473.3166668239433,
          -2911.777960816497,
          1204.992278285484,
          -2447.874966042249,
          -6742.35215270242,
          11945.877214617014,
          -2759.3569446453225,
          4618.182476810482
        ]
      ],
      "deff_results": {
        "elastic_11p": {
          "D_eff": 2.317682995845861,
          "condition_number": 837348.0057244312,
          "eigenvalues": [
            1426.7633093288434,
            559.3525637075722,
            331.1912901991173,
            61.236296064966275,
            5.056364243947621,
            3.1882215137364724,
            1.6404468178968468,
            0.19244381769600255,
            0.10091604982907473,
            0.030678752784035892,
            0.0017039072160857178
          ]
        },
        "elastic_Ay_11p": {
          "D_eff": 2.2243393686216955,
          "condition_number": 2527499.0007765056,
          "eigenvalues": [
            869185.5890356239,
            634901.7762054933,
            86633.48623900654,
            13634.953058340529,
            5105.262218489345,
            804.6277087343192,
            267.32303000296315,
            79.80512537330573,
            33.65572021100427,
            21.13540595039066,
            0.34389156583982433
          ]
        },
        "elastic_sigR_11p": {
          "D_eff": 2.3223087814385543,
          "condition_number": 747916.8895937593,
          "eigenvalues": [
            1426.7633119284042,
            559.8109596594013,
            331.33599491177125,
            61.35709948876231,
            6.606417747913,
            3.199337557512557,
            1.7220707390989831,
            0.444247233697303,
            0.17663621011646366,
            0.030771799390943794,
            0.0019076495420545577
          ]
        },
        "elastic_Ay_sigR_11p": {
          "D_eff": 2.224346564318435,
          "condition_number": 2434148.4629176985,
          "eigenvalues": [
            869185.5982024276,
            634901.8076472725,
            86633.84789468006,
            13634.953608876518,
            5106.143673720434,
            805.6685379506835,
            267.4207769054454,
            79.9802536360965,
            33.69515813852975,
            21.17932576067428,
            0.35707994456532693
          ]
        },
        "all_11p": {
          "D_eff": 2.2243496135653453,
          "condition_number": 2385329.303095629,
          "eigenvalues": [
            869186.9310745215,
            634902.026287119,
            86633.89551363813,
            13635.1135430043,
            5106.230162827952,
            806.5290590105174,
            267.4616670726644,
            80.12848452790365,
            33.69778868735332,
            21.18011251483532,
            0.3643886527308869
          ]
        },
        "elastic_9p": {
          "D_eff": 2.2898997860393075,
          "condition_number": 407982.7892185903,
          "eigenvalues": [
            1419.5690851037498,
            538.4315358907963,
            325.51608698608806,
            59.50714153351591,
            4.996604785423811,
