{
  "theta_deg": [
    10.0,
    20.0,
    30.0,
    40.0,
    50.0,
    60.0,
    70.0,
    80.0,
    90.0,
    100.0,
    110.0,
    120.0,
    130.0,
    140.0,
    150.0,
    160.0,
    170.0
  ],
  "param_names": [
    "V",
    "rv",
    "av",
    "W",
    "rw",
    "aw",
    "Wd",
    "rvd",
    "avd",
    "Vso",
    "Wso"
  ],
  "data": [
    {
      "projectile": "n",
      "nucleus": "12C",
      "A": 12,
      "Z": 6,
      "E": 10,
      "fisher_matrix_elastic": [
        [
          118.19643873345689,
          160.6739646014793,
          29.517548595321568,
          -2.1776774314404523,
          -4.811827490187476,
          -1.0485842215068977,
          -42.89362631795083,
          -35.48098946869681,
          -30.04089421369504,
          -5.87316961496693,
          0.05975649491088869
        ],
        [
          160.6739646014793,
          255.64708228728074,
          67.90127069671885,
          -3.302380365657609,
          -6.959260047268939,
          -1.3410689057027845,
          -62.84273404996828,
          -44.990373532790805,
          -36.43614730759508,
          -9.888113035047851,
          0.09371968494297028
        ],
        [
          29.517548595321568,
          67.90127069671885,
          39.74503096940929,
          -1.8255596942571035,
          -3.406556132117125,
          -0.6723649240160086,
          -30.105658563871117,
          -28.30969822148553,
          -22.11337267130343,
          -1.70758962316136,
          0.018294395391646158
        ],
        [
          -2.1776774314404523,
          -3.302380365657609,
          -1.8255596942571035,
          0.16864507335852758,
          0.33086423441546453,
          0.08129798048478254,
          2.8228843301691167,
          3.1425364131321656,
          2.7933446482832074,
          0.05655157805741455,
          -0.00098368607307929
        ],
        [
          -4.811827490187476,
          -6.959260047268939,
          -3.406556132117125,
          0.33086423441546453,
          0.6675488549294482,
          0.16911418636502465,
          5.730343316163208,
          6.566972625346995,
          5.641141885342305,
          0.19281954604454937,
          -0.002631903432492979
        ],
        [
          -1.0485842215068977,
          -1.3410689057027845,
          -0.6723649240160086,
          0.08129798048478254,
          0.16911418636502465,
          0.047609785578712316,
          1.450041975460937,
          1.8906036057252478,
          1.5490883981489603,
          0.04438396786514212,
          -0.0006835916846111788
        ],
        [
          -42.89362631795083,
          -62.84273404996828,
          -30.105658563871117,
          2.8228843301691167,
          5.730343316163208,
          1.450041975460937,
          49.36787125272009,
          56.64124723994878,
          47.8914816857906,
          1.924045045818601,
          -0.024682636555317022
        ],
        [
          -35.48098946869681,
          -44.990373532790805,
          -28.30969822148553,
          3.1425364131321656,
          6.566972625346995,
          1.8906036057252478,
          56.64124723994878,
          78.9038286011577,
          61.215551798369205,
          1.2562032641863496,
          -0.023864442576711588
        ],
        [
          -30.04089421369504,
          -36.43614730759508,
          -22.11337267130343,
          2.7933446482832074,
          5.641141885342305,
          1.5490883981489603,
          47.8914816857906,
          61.215551798369205,
          52.419762913571475,
          0.4421986428873783,
          -0.014411048315671617
        ],
        [
          -5.87316961496693,
          -9.888113035047851,
          -1.70758962316136,
          0.05655157805741455,
          0.19281954604454937,
          0.04438396786514212,
          1.924045045818601,
          1.2562032641863496,
          0.4421986428873783,
          0.7923172525708065,
          -0.006285038374276896
        ],
        [
          0.05975649491088869,
          0.09371968494297028,
          0.018294395391646158,
          -0.00098368607307929,
          -0.002631903432492979,
          -0.0006835916846111788,
          -0.024682636555317022,
          -0.023864442576711588,
          -0.014411048315671617,
          -0.006285038374276896,
          5.4258678663457214e-05
        ]
      ],
      "D_eff_elastic": 1.7653554291297577
    },
    {
      "projectile": "n",
      "nucleus": "12C",
      "A": 12,
      "Z": 6,
      "E": 20,
      "fisher_matrix_elastic": [
        [
          225.84944351645663,
          346.92478578898647,
          -20.965392755496357,
          -8.125900057546975,
          -23.65942560870613,
          -7.964356030558052,
          -103.83584341092244,
          -138.51839477752628,
          -74.91114394148221,
          15.652886863698267,
          0.5021900175072909
        ],
        [
          346.92478578898647,
          564.9942061933065,
          -24.85699213730509,
          -11.577310164769465,
          -34.83027387154543,
          -12.078014202320862,
          -154.96526914939898,
          -207.9454223096301,
          -105.60878709763168,
          24.323742533305385,
          0.8158171255869846
        ],
        [
          -20.965392755496357,
          -24.85699213730509,
          27.767334053625937,
          0.3348243629364601,
          2.6428380168384624,
          1.5080279492431699,
          12.776848153330274,
          31.102019710986497,
          12.799266163703669,
          -1.8471234100768799,
          -0.11527009651906236
        ],
        [
          -8.125900057546975,
          -11.577310164769465,
          0.3348243629364601,
          0.44765404649444884,
          1.1145962685254984,
          0.3533837562252069,
          4.6913914204817555,
          6.841113036077854,
          4.207362381811137,
          -0.4759894799836404,
          -0.016724573297811757
        ],
        [
          -23.65942560870613,
          -34.83027387154543,
          2.6428380168384624,
          1.1145962685254984,
          3.0034524370949884,
          1.0159880335897349,
          12.934208862060938,
          19.612494664293656,
          11.034640006765144,
          -1.5157652071531746,
          -0.05524249042366699
        ],
        [
          -7.964356030558052,
          -12.078014202320862,
          1.5080279492431699,
          0.3533837562252069,
          1.0159880335897349,
          0.3779242739070647,
          4.456064478568139,
          7.652284328099317,
          3.9462449273291575,
          -0.5051392382605192,
          -0.02181339594817943
        ],
        [
          -103.83584341092244,
          -154.96526914939898,
          12.776848153330274,
          4.6913914204817555,
          12.934208862060938,
          4.456064478568139,
          56.123789807408244,
          86.49926141352574,
          47.10793998036581,
          -6.813726850356856,
          -0.2506831527253596
        ],
        [
          -138.51839477752628,
          -207.9454223096301,
          31.102019710986497,
          6.841113036077854,
          19.612494664293656,
          7.652284328099317,
          86.49926141352574,
          172.00188262171827,
          84.05967582944749,
          -7.888462988785826,
          -0.42302853434206317
        ],
        [
          -74.91114394148221,
          -105.60878709763168,
          12.799266163703669,
          4.207362381811137,
          11.034640006765144,
          3.9462449273291575,
          47.10793998036581,
          84.05967582944749,
          46.87436161921332,
          -3.8922169786471033,
          -0.19458206042396484
        ],
        [
          15.652886863698267,
          24.323742533305385,
          -1.8471234100768799,
          -0.4759894799836404,
          -1.5157652071531746,
          -0.5051392382605192,
          -6.813726850356856,
          -7.888462988785826,
          -3.8922169786471033,
          1.3579323735855187,
          0.03533483646102345
        ],
        [
          0.5021900175072909,
          0.8158171255869846,
          -0.11527009651906236,
          -0.016724573297811757,
          -0.05524249042366699,
          -0.02181339594817943,
          -0.2506831527253596,
          -0.42302853434206317,
          -0.19458206042396484,
          0.03533483646102345,
          0.0014978615065494142
        ]
      ],
      "D_eff_elastic": 1.311060100996407
    },
    {
      "projectile": "n",
      "nucleus": "12C",
      "A": 12,
      "Z": 6,
      "E": 30,
      "fisher_matrix_elastic": [
        [
          339.6245711027734,
          638.5007223897553,
          -94.42495772093676,
          -16.714167173577724,
          -65.38812908756,
          -31.20277792385746,
          -186.7875051533992,
          -570.3985697370465,
          -123.65281494975727,
          59.23616211967179,
          2.004623564051945
        ],
        [
          638.5007223897553,
          1406.9374161079716,
          -56.757326465058206,
          -27.69525297181714,
          -116.63465777455824,
          -63.246686653215995,
          -351.84393789893966,
          -1288.8718555927699,
          -245.1084519540325,
          129.34624211182467,
          3.666795536306568
        ],
        [
          -94.42495772093676,
          -56.757326465058206,
          157.36645459790267,
          6.423530065597691,
          27.287215344847965,
          10.074782130966874,
          75.00795227482014,
          141.05519166269715,
          30.455352634704195,
          -10.540214515254958,
          -1.0042948645179814
        ],
        [
          -16.714167173577724,
          -27.69525297181714,
          6.423530065597691,
          1.0675589112329762,
          3.6879812304563315,
          1.5990962009288574,
          10.154355743297518,
          28.57309521540482,
          6.8872422619307265,
          -2.6780121542613644,
          -0.10137475452122614
        ],
        [
          -65.38812908756,
          -116.63465777455824,
          27.287215344847965,
          3.6879812304563315,
          14.216710076866125,
          6.670812302315319,
          40.91970999039104,
          126.60157446220674,
          26.13641463377271,
          -11.696236243915651,
          -0.4328398088256312
        ],
        [
          -31.20277792385746,
          -63.246686653215995,
          10.074782130966874,
          1.5990962009288574,
          6.670812302315319,
          3.4727584279754864,
          20.08530847625852,
          71.49959513828699,
          13.250745294168293,
          -6.349110231856205,
          -0.21133577309946397
        ],
        [
          -186.7875051533992,
          -351.84393789893966,
          75.00795227482014,
          10.154355743297518,
          40.91970999039104,
          20.08530847625852,
          120.89427039918827,
          400.1623257156964,
          75.91951841602751,
          -35.9298276341068,
          -1.2828515248050945
        ],
        [
          -570.3985697370465,
          -1288.8718555927699,
          141.05519166269715,
          28.57309521540482,
          126.60157446220674,
          71.49959513828699,
          400.1623257156964,
          1610.985124160104,
          264.73396262838895,
          -133.51555416129213,
          -4.081549786220241
        ],
        [
          -123.65281494975727,
          -245.1084519540325,
          30.455352634704195,
          6.8872422619307265,
          26.13641463377271,
          13.250745294168293,
          75.91951841602751,
          264.73396262838895,
          56.81792587728075,
          -23.41605533527574,
          -0.7525134888938587
        ],
        [
          59.23616211967179,
          129.34624211182467,
          -10.540214515254958,
          -2.6780121542613644,
          -11.696236243915651,
          -6.349110231856205,
          -35.9298276341068,
          -133.51555416129213,
          -23.41605533527574,
          13.023332589680537,
          0.3759435275028097
        ],
        [
          2.004623564051945,
          3.666795536306568,
          -1.0042948645179814,
          -0.10137475452122614,
          -0.4328398088256312,
          -0.21133577309946397,
          -1.2828515248050945,
          -4.081549786220241,
          -0.7525134888938587,
          0.3759435275028097,
          0.014508201600136203
        ]
      ],
      "D_eff_elastic": 1.294082060054613
    },
    {
      "projectile": "n",
      "nucleus": "12C",
      "A": 12,
      "Z": 6,
      "E": 50,
      "fisher_matrix_elastic": [
        [
          217.41745583703909,
          270.8500241580392,
          -141.05559292406338,
          -20.25144626547771,
          -70.41119633044728,
          -21.828082202550153,
          -63.84410337725622,
          -74.68394637471907,
          -57.53976631331933,
          45.41359287640846,
          1.4137751221786081
        ],
        [
          270.8500241580392,
          563.0326664086317,
          -31.84420336860624,
          -15.63789983440488,
          -56.62181325724233,
          -31.230151793499484,
          -42.109866286787565,
          -193.23981695844898,
          -152.86676431632048,
          73.58984368278325,
          -0.5268856873549796
        ],
        [
          -141.05559292406338,
          -31.84420336860624,
          222.2991871976135,
          20.16497982903963,
          71.39327125748476,
          16.436433454274145,
          73.37790711488134,
          54.36454939728988,
          3.8348536444226555,
          -23.90747700918898,
          -2.8701877784046474
        ],
        [
          -20.25144626547771,
          -15.63789983440488,
          20.16497982903963,
          2.584836609280976,
          8.61797315427207,
          2.327950719091479,
          8.505149263659204,
          9.69303430675049,
          3.29561140548729,
          -3.812657546152463,
          -0.2763841064036321
        ],
        [
          -70.41119633044728,
          -56.62181325724233,
          71.39327125748476,
          8.61797315427207,
          29.63671886017928,
          8.118528069673715,
          29.42364105960708,
          33.291427871005084,
          10.96710813654515,
          -13.76727240217091,
          -0.9925188535944764
        ],
        [
          -21.828082202550153,
          -31.230151793499484,
          16.436433454274145,
          2.327950719091479,
          8.118528069673715,
          3.4414365270867506,
          7.8588125257873935,
          26.27351467926527,
          11.217270821419508,
          -5.787056711068628,
          -0.2136493674103762
        ],
        [
          -63.84410337725622,
          -42.109866286787565,
          73.37790711488134,
          8.505149263659204,
          29.42364105960708,
          7.8588125257873935,
          30.245942730761584,
          35.44254910641898,
          6.407904877830026,
          -12.362687707544584,
          -1.154154638264643
        ],
        [
          -74.68394637471907,
          -193.23981695844898,
          54.36454939728988,
          9.69303430675049,
          33.291427871005084,
          26.27351467926527,
          35.44254910641898,
          336.5823073558863,
          121.44592059674048,
          -35.664193619750264,
          -0.892388492574366
        ],
        [
          -57.53976631331933,
          -152.86676431632048,
          3.8348536444226555,
          3.29561140548729,
          10.96710813654515,
          11.217270821419508,
          6.407904877830026,
          121.44592059674048,
          72.63099525263668,
          -21.08493419834304,
          0.6048348292978242
        ],
        [
          45.41359287640846,
          73.58984368278325,
          -23.90747700918898,
          -3.812657546152463,
          -13.76727240217091,
          -5.787056711068628,
          -12.362687707544584,
          -35.664193619750264,
          -21.08493419834304,
          12.661261173442558,
          0.18287082889840353
        ],
        [
          1.4137751221786081,
          -0.5268856873549796,
          -2.8701877784046474,
          -0.2763841064036321,
          -0.9925188535944764,
          -0.2136493674103762,
          -1.154154638264643,
          -0.892388492574366,
          0.6048348292978242,
          0.18287082889840353,
          0.06631974384565861
        ]
      ],
      "D_eff_elastic": 2.2638000234828954
    },
    {
      "projectile": "n",
      "nucleus": "12C",
      "A": 12,
      "Z": 6,
      "E": 100,
      "fisher_matrix_elastic": [
        [
          117.90896524705977,
          187.6829963947655,
          -109.99293455855775,
          -17.606423281744473,
          -101.6529403886097,
          -19.230672811175264,
          -14.387820185393492,
          39.5662063663156,
          -34.659096273856235,
          45.53752851207085,
          3.0588425170504405
        ],
        [
          187.6829963947655,
          1193.7516331894683,
          258.767836061359,
          52.16269161141912,
          -1.9759713582013418,
          -90.10026941422753,
          36.806493062490176,
          -90.73388727682322,
          -357.6754928659711,
          103.19786312817521,
          -27.502842002256898
        ],
        [
          -109.99293455855775,
          258.767836061359,
          418.5686107429462,
          64.62715699386843,
          185.75362235561641,
          -5.041987546921119,
          44.16156158181394,
          14.892222120583881,
          -75.98821433665312,
          -58.57497473423659,
          -24.237470502132567
        ],
        [
          -17.606423281744473,
          52.16269161141912,
          64.62715699386843,
          11.28504497161893,
          31.57387277954184,
          -1.234814407401695,
          8.292489130368132,
          -3.8372225871506735,
          -20.307218427119636,
          -8.542145143529153,
          -4.200872291566398
        ],
        [
          -101.6529403886097,
          -1.9759713582013418,
          185.75362235561641,
          31.57387277954184,
          123.51876952405249,
          9.980176628954402,
          25.935117852283938,
          -39.17984532340941,
          -25.222689757400797,
          -42.251116343003446,
          -9.737637574188728
        ],
        [
          -19.230672811175264,
          -90.10026941422753,
          -5.041987546921119,
          -1.234814407401695,
          9.980176628954402,
          13.691291201308756,
          2.019763578377283,
          33.6855589914304,
          19.088414847711363,
          -16.289245695451882,
          -0.1129275951467058
        ],
        [
          -14.387820185393492,
          36.806493062490176,
          44.16156158181394,
          8.292489130368132,
          25.935117852283938,
          2.019763578377283,
          8.35357917824835,
          -0.11354440056731363,
          -23.10175421216844,
          -7.839361615477138,
          -3.5877503365734857
        ],
        [
          39.5662063663156,
          -90.73388727682322,
          14.892222120583881,
          -3.8372225871506735,
          -39.17984532340941,
          33.6855589914304,
          -0.11354440056731363,
          308.62588166054906,
          53.89334889035855,
          -49.66222336268811,
          -7.525626897356332
        ],
        [
          -34.659096273856235,
          -357.6754928659711,
          -75.98821433665312,
          -20.307218427119636,
          -25.222689757400797,
          19.088414847711363,
          -23.10175421216844,
          53.89334889035855,
          155.72824521443994,
          -24.525818247327177,
          10.802898305879609
        ],
        [
          45.53752851207085,
          103.19786312817521,
          -58.57497473423659,
          -8.542145143529153,
          -42.251116343003446,
          -16.289245695451882,
          -7.839361615477138,
          -49.66222336268811,
          -24.525818247327177,
          35.2402932326968,
          3.3613528496397356
        ],
        [
          3.0588425170504405,
          -27.502842002256898,
          -24.237470502132567,
          -4.200872291566398,
          -9.737637574188728,
          -0.1129275951467058,
          -3.5877503365734857,
          -7.525626897356332,
          10.802898305879609,
          3.3613528496397356,
          2.0819202416894016
        ]
      ],
      "D_eff_elastic": 2.3176829958472522
    },
    {
      "projectile": "n",
      "nucleus": "12C",
      "A": 12,
      "Z": 6,
      "E": 150,
      "fisher_matrix_elastic": [
        [
          26.782399759388433,
          31.12215307145202,
          -34.776342967777175,
          -12.606145460540965,
          -46.853794399479376,
          -6.106177549585674,
          -2.729001345529615,
          6.856232626367078,
          2.725034305381618,
          24.252925759844153,
          6.566139094068471
        ],
        [
          31.12215307145202,
          104.1800554679755,
          -8.05223413219121,
          -5.027445541289467,
          -46.66512567980095,
          -21.34665039311087,
          -4.858339821469456,
          14.895731533471716,
          13.330756385615647,
          32.39282260811618,
          1.9345511430921187
        ],
        [
          -34.776342967777175,
          -8.05223413219121,
          82.8464554684089,
          23.56573302956172,
          84.3223344935,
          12.218926745481355,
          6.59222624669201,
          -4.859163053192178,
          -13.852342096186,
          -46.550203685235644,
          -14.400754896637295
        ],
        [
          -12.606145460540965,
          -5.027445541289467,
          23.56573302956172,
          11.688025562603038,
          30.783777689463292,
          -0.3635007526389471,
          1.4884736842545077,
          -2.8100558718432946,
          -0.9488483985950629,
          -15.72340067622447,
          -4.135587098483315
        ],
        [
          -46.853794399479376,
          -46.66512567980095,
          84.3223344935,
          30.783777689463292,
          134.80497887638052,
          26.539069359661625,
          11.571778690096686,
          -25.349082726901695,
          -29.538948372618243,
          -74.13615842782673,
          -16.74133205652221
        ],
        [
          -6.106177549585674,
          -21.34665039311087,
          12.218926745481355,
          -0.3635007526389471,
          26.539069359661625,
          24.265735603648487,
          5.775606370758349,
          6.333775749747027,
          -20.246078156038347,
          -23.27715227250505,
          -3.988845371500789
        ],
        [
          -2.729001345529615,
          -4.858339821469456,
          6.59222624669201,
          1.4884736842545077,
          11.571778690096686,
          5.775606370758349,
          1.7661958310736052,
          -0.20757901774885035,
          -6.042826796458108,
          -8.33341219727179,
          -1.5619373991685463
        ],
        [
          6.856232626367078,
          14.895731533471716,
          -4.859163053192178,
          -2.8100558718432946,
          -25.349082726901695,
          6.333775749747027,
          -0.20757901774885035,
          34.361341854472755,
          1.6331704989425369,
          5.638697963033746,
          -0.15867076356283516
        ],
        [
          2.725034305381618,
          13.330756385615647,
          -13.852342096186,
          -0.9488483985950629,
          -29.538948372618243,
          -20.246078156038347,
          -6.042826796458108,
          1.6331704989425369,
          23.755444985553943,
          24.86811465048865,
          3.705676199327276
        ],
        [
          24.252925759844153,
          32.39282260811618,
          -46.550203685235644,
          -15.72340067622447,
          -74.13615842782673,
          -23.27715227250505,
          -8.33341219727179,
          5.638697963033746,
          24.86811465048865,
          47.87907197846677,
          9.783050597153355
        ],
        [
          6.566139094068471,
          1.9345511430921187,
          -14.400754896637295,
          -4.135587098483315,
          -16.74133205652221,
          -3.988845371500789,
          -1.5619373991685463,
          -0.15867076356283516,
          3.705676199327276,
          9.783050597153355,
          3.036110541668992
        ]
      ],
      "D_eff_elastic": 2.3655776634620804
    },
    {
      "projectile": "n",
      "nucleus": "12C",
      "A": 12,
      "Z": 6,
      "E": 200,
      "fisher_matrix_elastic": [
        [
          14.33965140501367,
          10.490661367892137,
          -20.78369311283857,
          -8.867833305664622,
          -30.971718694647944,
          -3.5234992415061286,
          -0.5684222094138351,
          3.287655390903044,
          1.087129493849592,
          14.412929026410891,
          7.126610618378786
        ],
        [
          10.490661367892137,
          54.95527467555723,
          3.6397563760834766,
          3.481054023095537,
          -13.238832479364937,
          -6.929194011141663,
          -0.18884045428937896,
          7.204757301759565,
          0.32145505959346865,
          9.222308851899015,
          -0.09416492882477989
        ],
        [
          -20.78369311283857,
          3.6397563760834766,
          54.30969886951208,
          18.62628673651021,
          67.42629054545228,
          7.977486321677259,
          1.5290023995520963,
          -8.39129929227737,
          -4.427995668376786,
          -34.0878945127382,
          -16.553795716805567
        ],
        [
          -8.867833305664622,
          3.481054023095537,
          18.62628673651021,
          11.676326462990398,
          29.48026026727436,
          0.08738543309086244,
          0.5278594806990233,
          -3.411883444765471,
          -1.4503534933102205,
          -12.331839354812924,
          -6.383382627385972
        ],
        [
          -30.971718694647944,
          -13.238832479364937,
          67.42629054545228,
          29.48026026727436,
          119.08063321746246,
          14.495545885599752,
          2.5906853732763295,
          -21.886398351366577,
          -8.243641868369814,
          -56.12299361704015,
          -23.970117957803485
        ],
        [
          -3.5234992415061286,
          -6.929194011141663,
          7.977486321677259,
          0.08738543309086244,
          14.495545885599752,
          10.46859843254483,
          0.7011586277111822,
          -2.298183394801672,
          -2.5768405104916456,
          -9.134209140401524,
          -3.1982473300574146
        ],
        [
          -0.5684222094138351,
          -0.18884045428937896,
          1.5290023995520963,
          0.5278594806990233,
          2.5906853732763295,
          0.7011586277111822,
          0.08051682529725768,
          -0.465284445968481,
          -0.29833129229265754,
          -1.3737153414016074,
          -0.5591707276259752
        ],
        [
          3.287655390903044,
          7.204757301759565,
          -8.39129929227737,
          -3.411883444765471,
          -21.886398351366577,
          -2.298183394801672,
          -0.465284445968481,
          7.746711137575476,
          2.0750857765733293,
          10.776871551035308,
          2.6169018542849
        ],
        [
          1.087129493849592,
          0.32145505959346865,
          -4.427995668376786,
          -1.4503534933102205,
          -8.243641868369814,
          -2.5768405104916456,
          -0.29833129229265754,
          2.0750857765733293,
          1.3012379453829954,
          4.701821713192245,
          1.5764369370768478
        ],
        [
          14.412929026410891,
          9.222308851899015,
          -34.0878945127382,
          -12.331839354812924,
          -56.12299361704015,
          -9.134209140401524,
          -1.3737153414016074,
          10.776871551035308,
          4.701821713192245,
          29.32937184323876,
          12.274357532726953
        ],
        [
          7.126610618378786,
          -0.09416492882477989,
          -16.553795716805567,
          -6.383382627385972,
          -23.970117957803485,
          -3.1982473300574146,
          -0.5591707276259752,
          2.6169018542849,
          1.5764369370768478,
          12.274357532726953,
          6.699088461736304
        ]
      ],
      "D_eff_elastic": 1.8846391112547696
    },
    {
      "projectile": "n",
      "nucleus": "16O",
      "A": 16,
      "Z": 8,
      "E": 10,
      "fisher_matrix_elastic": [
        [
          183.94141926324886,
          252.86747242226124,
          17.342494885585488,
          -1.5297153930029475,
          -3.0412102859977628,
          -0.010351332876177843,
          -21.648927715533635,
          35.214096707428624,
          -5.0632498692918215,
          -1.3033399295909969,
          0.0605486266549608
        ],
        [
          252.86747242226124,
          403.05769219774635,
          69.84728368655789,
          -3.9039087168065487,
          -7.316122689831368,
          -0.2800665728503946,
          -54.17585084236234,
          38.67279819788608,
          -20.37847825673129,
          -1.0070575188229582,
          0.09544005990853877
        ],
        [
          17.342494885585488,
          69.84728368655789,
          48.132237656712164,
          -2.554755790846921,
          -4.707949483469331,
          -0.6359714058973076,
          -36.050079989971344,
          -26.48087639394833,
          -27.689734861575985,
          3.6700986135450777,
          0.011855636037987888
        ],
        [
          -1.5297153930029475,
          -3.9039087168065487,
          -2.554755790846921,
          0.20613077967604354,
          0.40050567861571335,
          0.07221239666763674,
          3.011556713030592,
          2.8011140118603857,
          2.848954787672718,
          -0.24169932545127462,
          -0.0008470648245134283
        ],
        [
          -3.0412102859977628,
          -7.316122689831368,
          -4.707949483469331,
          0.40050567861571335,
          0.7990765096628943,
          0.1510951270269903,
          6.016018992762603,
          5.7500583596822805,
          5.771453915980981,
          -0.4165764303353891,
          -0.0021521806784214788
        ],
        [
          -0.010351332876177843,
          -0.2800665728503946,
          -0.6359714058973076,
          0.07221239666763674,
          0.1510951270269903,
          0.035932874268330486,
          1.1410806454884752,
          1.5598401812770692,
          1.2781202433664887,
          -0.06447448677329555,
          -0.00036413853583029416
        ],
        [
          -21.648927715533635,
          -54.17585084236234,
          -36.050079989971344,
          3.011556713030592,
          6.016018992762603,
          1.1410806454884752,
          45.35707773508916,
          43.99691849250156,
          43.48026024473607,
          -3.1868642589453686,
          -0.016366215597195408
        ],
        [
          35.214096707428624,
          38.67279819788608,
          -26.48087639394833,
          2.8011140118603857,
          5.7500583596822805,
          1.5598401812770692,
          43.99691849250156,
          84.54162205203403,
          55.6422038274881,
          -5.266269101241864,
          0.0019465875467356358
        ],
        [
          -5.0632498692918215,
          -20.37847825673129,
          -27.689734861575985,
          2.848954787672718,
          5.771453915980981,
          1.2781202433664887,
          43.48026024473607,
          55.6422038274881,
          47.2274328622227,
          -3.3720725919107344,
          -0.009771098685226721
        ],
        [
          -1.3033399295909969,
          -1.0070575188229582,
          3.6700986135450777,
          -0.24169932545127462,
          -0.4165764303353891,
          -0.06447448677329555,
          -3.1868642589453686,
          -5.266269101241864,
          -3.3720725919107344,
          1.9711574056876313,
          -0.005379088462513481
        ],
        [
          0.0605486266549608,
          0.09544005990853877,
          0.011855636037987888,
          -0.0008470648245134283,
          -0.0021521806784214788,
          -0.00036413853583029416,
          -0.016366215597195408,
          0.0019465875467356358,
          -0.009771098685226721,
          -0.005379088462513481,
          4.9302043194188416e-05
        ]
      ],
      "D_eff_elastic": 1.7424878408824267
    },
    {
      "projectile": "n",
      "nucleus": "16O",
      "A": 16,
      "Z": 8,
      "E": 20,
      "fisher_matrix_elastic": [
        [
          210.21602706634494,
          301.64612131848395,
          -42.2408410169699,
          -9.533375196704412,
          -28.642739905858853,
          -7.881841495068957,
          -110.09368244301571,
          -160.6343463384957,
          -88.13383089784136,
          7.089773832283649,
          0.6221495033723171
        ],
        [
          301.64612131848395,
          492.6072370729689,
          -16.926782205404244,
          -13.268954786282714,
          -39.15335327650705,
          -10.791608985451676,
          -151.54900059220856,
          -227.98492320581937,
          -117.13853206702046,
          10.741074182693275,
          0.8844670603452334
        ],
        [
          -42.2408410169699,
          -16.926782205404244,
          60.83734635851212,
          1.81392529160836,
          8.106508043260932,
          2.7146188970489273,
          33.28947795474276,
          60.65602150939483,
          25.778998435317057,
          -0.14511896181546197,
          -0.2414642843961033
        ],
        [
          -9.533375196704412,
          -13.268954786282714,
          1.81392529160836,
          0.6126195452390584,
          1.6745079263429434,
          0.45136933238174126,
          6.326407884772046,
          9.729424728256278,
          5.546589200495137,
          -0.29924976900048084,
          -0.029299125114618116
        ],
        [
          -28.642739905858853,
          -39.15335327650705,
          8.106508043260932,
          1.6745079263429434,
          4.897558697896034,
          1.3854349431186406,
          18.920350751020948,
          31.202409395878014,
          15.897658614687803,
          -0.8537262535751654,
          -0.09888735003791396
        ],
        [
          -7.881841495068957,
          -10.791608985451676,
          2.7146188970489273,
          0.45136933238174126,
          1.3854349431186406,
          0.41609473115170903,
          5.460344645047188,
          10.024041487061348,
          4.554129365380236,
          -0.21380107184038097,
          -0.03050441391772809
        ],
        [
          -110.09368244301571,
          -151.54900059220856,
          33.28947795474276,
          6.326407884772046,
          18.920350751020948,
          5.460344645047188,
          73.88296511228515,
          127.17110965354348,
          60.946338721056044,
          -3.1832725464484506,
          -0.40007889698623883
        ],
        [
          -160.6343463384957,
          -227.98492320581937,
          60.65602150939483,
          9.729424728256278,
          31.202409395878014,
          10.024041487061348,
          127.17110965354348,
          275.3957965161204,
          103.62821333351192,
          -3.744066135785288,
          -0.7409277510462318
        ],
        [
          -88.13383089784136,
          -117.13853206702046,
          25.778998435317057,
          5.546589200495137,
          15.897658614687803,
          4.554129365380236,
          60.946338721056044,
          103.62821333351192,
          54.07180784466375,
          -2.561637979829675,
          -0.3014061172311456
        ],
        [
          7.089773832283649,
          10.741074182693275,
          -0.14511896181546197,
          -0.29924976900048084,
          -0.8537262535751654,
          -0.21380107184038097,
          -3.1832725464484506,
          -3.744066135785288,
          -2.561637979829675,
          0.40875463116119487,
          0.01621268488952346
        ],
        [
          0.6221495033723171,
          0.8844670603452334,
          -0.2414642843961033,
          -0.029299125114618116,
          -0.09888735003791396,
          -0.03050441391772809,
          -0.40007889698623883,
          -0.7409277510462318,
          -0.3014061172311456,
          0.01621268488952346,
          0.0025838905006643517
        ]
      ],
      "D_eff_elastic": 1.5099944227145286
    },
    {
      "projectile": "n",
      "nucleus": "16O",
      "A": 16,
      "Z": 8,
      "E": 30,
      "fisher_matrix_elastic": [
        [
          298.8855412880033,
          479.22122981102285,
          -97.39549256357964,
          -16.861209582146877,
          -57.917134468298485,
          -17.691564806545628,
          -127.29513864291278,
          -229.65131994741915,
          -88.4103185201163,
          46.45753180138129,
          1.1780238898763082
        ],
        [
          479.22122981102285,
          1106.9620018780447,
          15.53806751371017,
          -18.759162483274007,
          -71.08019284780774,
          -30.60202501534449,
          -163.543023622504,
          -485.8599750217194,
          -157.63473619556675,
          99.87669715895811,
          1.4812593183709943
        ],
        [
          -97.39549256357964,
          15.53806751371017,
          139.8116050337688,
          8.927064976652048,
          30.078618325482054,
          5.291577036034923,
          64.07201496441823,
          28.719870231835092,
          20.884288729114267,
          -5.925518170117702,
          -0.6425804853530198
        ],
        [
          -16.861209582146877,
          -18.759162483274007,
          8.927064976652048,
          1.3278285664765834,
          4.077444232239772,
          1.0173639000212542,
          8.608053712037744,
          11.361837971370216,
          5.659814062270395,
          -1.8191499580448196,
          -0.077018953850017
        ],
        [
          -57.917134468298485,
          -71.08019284780774,
          30.078618325482054,
          4.077444232239772,
          13.21068427281057,
          3.5057969228861925,
          28.40414628949901,
          41.319177129636785,
          18.2854388773424,
          -7.399963160687612,
          -0.25974017159638185
        ],
        [
          -17.691564806545628,
          -30.60202501534449,
          5.291577036034923,
          1.0173639000212542,
          3.5057969228861925,
          1.1979718186236807,
          7.726620474633801,
          17.253435610038075,
          6.563109808162469,
          -3.0211027361445693,
          -0.07083158128655861
        ],
        [
          -127.29513864291278,
          -163.543023622504,
          64.07201496441823,
          8.608053712037744,
          28.40414628949901,
          7.726620474633801,
          61.64728652263846,
          93.93182641787196,
          38.962454443447534,
          -17.467275157381593,
          -0.5564420282413857
        ],
        [
          -229.65131994741915,
          -485.8599750217194,
          28.719870231835092,
          11.361837971370216,
          41.319177129636785,
          17.253435610038075,
          93.93182641787196,
          287.5216210084618,
          97.5576079117553,
          -47.79641889957236,
          -0.8055529787706015
        ],
        [
          -88.4103185201163,
          -157.63473619556675,
          20.884288729114267,
          5.659814062270395,
          18.2854388773424,
          6.563109808162469,
